1.498989715812565215e+01 1.339486931951678272e+01 1.345207898026503024e+01
1.498989715812565215e+01 1.339486931951678272e+01 1.345207898026503024e+01
1.498989715812565215e+01 1.339486931951678272e+01 1.345207898026503024e+01
1.498989715812565215e+01 1.339486931951678272e+01 1.345207898026503024e+01
1.498989715812565215e+01 1.339486931951678272e+01 1.345207898026503024e+01
1.498989715812565215e+01 1.339486931951678272e+01 1.345207898026503024e+01
1.498989715812565215e+01 1.339486931951678272e+01 1.345207898026503024e+01
1.498989715812565215e+01 1.339486931951678272e+01 1.345207898026503024e+01
1.498989715812565215e+01 1.339486931951678272e+01 1.345207898026503024e+01
1.498989715812565215e+01 1.339486931951678272e+01 1.345207898026503024e+01
1.498989715812565215e+01 1.339486931951678272e+01 1.345207898026503024e+01
1.498989715812565215e+01 1.339486931951678272e+01 1.345207898026503024e+01
1.498989715812565215e+01 1.339486931951678272e+01 1.345207898026503024e+01
1.498989715812565215e+01 1.339486931951678272e+01 1.345207898026503024e+01
1.498989715812565215e+01 1.339486931951678272e+01 1.345207898026503024e+01
1.498989715812565215e+01 1.339486931951678272e+01 1.345207898026503024e+01
