1.684187849048372954e+01 1.390408202165018459e+01 1.504135373026592681e+01
1.684187849048372954e+01 1.390408202165018459e+01 1.504135373026592681e+01
1.684187849048372954e+01 1.390408202165018459e+01 1.504135373026592681e+01
1.684187849048372954e+01 1.390408202165018459e+01 1.504135373026592681e+01
1.684187849048372954e+01 1.390408202165018459e+01 1.504135373026592681e+01
1.684187849048372954e+01 1.390408202165018459e+01 1.504135373026592681e+01
1.684187849048372954e+01 1.390408202165018459e+01 1.504135373026592681e+01
1.684187849048372954e+01 1.390408202165018459e+01 1.504135373026592681e+01
1.684187849048372954e+01 1.390408202165018459e+01 1.504135373026592681e+01
1.684187849048372954e+01 1.390408202165018459e+01 1.504135373026592681e+01
1.684187849048372954e+01 1.390408202165018459e+01 1.504135373026592681e+01
1.684187849048372954e+01 1.390408202165018459e+01 1.504135373026592681e+01
1.684187849048372954e+01 1.390408202165018459e+01 1.504135373026592681e+01
1.684187849048372954e+01 1.390408202165018459e+01 1.504135373026592681e+01
1.684187849048372954e+01 1.390408202165018459e+01 1.504135373026592681e+01
1.684187849048372954e+01 1.390408202165018459e+01 1.504135373026592681e+01
