3.998409365589203013e+00 3.579461855054723696e+00 2.957879240716704050e+00
3.998409365589203013e+00 3.579461855054723696e+00 2.957879240716704050e+00
3.998409365589203013e+00 3.579461855054723696e+00 2.957879240716704050e+00
3.998409365589203013e+00 3.579461855054723696e+00 2.957879240716704050e+00
3.998409365589203013e+00 3.579461855054723696e+00 2.957879240716704050e+00
3.998409365589203013e+00 3.579461855054723696e+00 2.957879240716704050e+00
3.998409365589203013e+00 3.579461855054723696e+00 2.957879240716704050e+00
3.998409365589203013e+00 3.579461855054723696e+00 2.957879240716704050e+00
3.998409365589203013e+00 3.579461855054723696e+00 2.957879240716704050e+00
3.998409365589203013e+00 3.579461855054723696e+00 2.957879240716704050e+00
3.998409365589203013e+00 3.579461855054723696e+00 2.957879240716704050e+00
3.998409365589203013e+00 3.579461855054723696e+00 2.957879240716704050e+00
3.998409365589203013e+00 3.579461855054723696e+00 2.957879240716704050e+00
3.998409365589203013e+00 3.579461855054723696e+00 2.957879240716704050e+00
3.998409365589203013e+00 3.579461855054723696e+00 2.957879240716704050e+00
3.998409365589203013e+00 3.579461855054723696e+00 2.957879240716704050e+00
3.998409365589203013e+00 3.579461855054723696e+00 2.957879240716704050e+00
3.998409365589203013e+00 3.579461855054723696e+00 2.957879240716704050e+00
3.998409365589203013e+00 3.579461855054723696e+00 2.957879240716704050e+00
3.998409365589203013e+00 3.579461855054723696e+00 2.957879240716704050e+00
3.998409365589203013e+00 3.579461855054723696e+00 2.957879240716704050e+00
3.998409365589203013e+00 3.579461855054723696e+00 2.957879240716704050e+00
