5.971282727406330260e+00 6.007180310421179392e+00 5.614369539400381193e+00
5.971282727406330260e+00 6.007180310421179392e+00 5.614369539400381193e+00
5.971282727406330260e+00 6.007180310421179392e+00 5.614369539400381193e+00
5.971282727406330260e+00 6.007180310421179392e+00 5.614369539400381193e+00
5.971282727406330260e+00 6.007180310421179392e+00 5.614369539400381193e+00
5.971282727406330260e+00 6.007180310421179392e+00 5.614369539400381193e+00
5.971282727406330260e+00 6.007180310421179392e+00 5.614369539400381193e+00
5.971282727406330260e+00 6.007180310421179392e+00 5.614369539400381193e+00
5.971282727406330260e+00 6.007180310421179392e+00 5.614369539400381193e+00
5.971282727406330260e+00 6.007180310421179392e+00 5.614369539400381193e+00
5.971282727406330260e+00 6.007180310421179392e+00 5.614369539400381193e+00
5.971282727406330260e+00 6.007180310421179392e+00 5.614369539400381193e+00
5.971282727406330260e+00 6.007180310421179392e+00 5.614369539400381193e+00
5.971282727406330260e+00 6.007180310421179392e+00 5.614369539400381193e+00
5.971282727406330260e+00 6.007180310421179392e+00 5.614369539400381193e+00
5.971282727406330260e+00 6.007180310421179392e+00 5.614369539400381193e+00
5.971282727406330260e+00 6.007180310421179392e+00 5.614369539400381193e+00
5.971282727406330260e+00 6.007180310421179392e+00 5.614369539400381193e+00
5.971282727406330260e+00 6.007180310421179392e+00 5.614369539400381193e+00
5.971282727406330260e+00 6.007180310421179392e+00 5.614369539400381193e+00
5.971282727406330260e+00 6.007180310421179392e+00 5.614369539400381193e+00
5.971282727406330260e+00 6.007180310421179392e+00 5.614369539400381193e+00
5.971282727406330260e+00 6.007180310421179392e+00 5.614369539400381193e+00
