1.346905655139658897e+01 1.825572776753399040e+01 1.888690992694262860e+01
7.649665652384377346e+00 4.826331500436124244e+00 6.687278884182877192e+00
1.625470893116589721e+01 1.017390818918963724e+01 1.232637811818444717e+01
6.350329461931015551e+00 9.643794835743429772e+00 1.264468510212212493e+01
1.451417350950629803e+01 1.580569677786452409e+01 1.232329594765618097e+01
4.069363818357750517e+00 2.486452982624709040e+00 4.209163210978652536e+00
4.969543020406621991e+00 9.065422185915114284e+00 2.591145829637764297e+00
2.436791802973256260e+00 1.113368607575093705e+00 1.553224428807252311e+00
1.496898861052718921e+01 2.225000310004717485e-01 4.612972231177221438e-01
2.923606704020367708e+00 1.067488270808912176e+00 1.709969368075947349e+00
4.276794727308634858e-01 3.135109657251849979e-01 5.011875666879445079e-01
3.363563832209545690e-01 4.039921455773737291e-01 7.784937143358907630e-01
1.409216660625938866e+00 1.327549284698015875e+01 1.000784969790931278e+01
3.308248901907897555e-01 3.682693734737541580e-01 3.557028657224999280e-01
1.231970605055480866e-01 1.293743905074132838e-01 3.435554193370454201e-01
1.687638246416234833e-01 1.595209178841938968e-01 2.574509373638355636e-01
