1.551063095761475985e+01 2.440474044181889113e+01 1.198611494912290887e+01
4.348259797895649648e+00 3.946423324793773446e+00 5.304128500710937111e+00
1.326782445908777497e+01 1.494577610734904916e+01 1.577591286974107554e+01
1.152007240594308257e+01 9.144016757164282083e+00 1.172972291167480208e+01
1.034488824290307107e+01 1.642134641947421203e+00 1.237710518898491374e+00
1.228267969130266124e+01 1.160267586391024075e+01 1.753227817869098004e+01
1.311624986344214960e+01 2.970511864700449145e+00 2.022512405639263022e+01
1.465774786817034681e+01 1.655996841777339057e+01 4.325458420204210674e-01
2.065291453758815621e+00 1.137649440494602615e+01 2.935182615042108978e+00
2.708452901019964831e-01 1.186673493422610193e+01 1.618085126523669004e+01
1.167313564980891449e+00 2.588116811483830992e-01 3.460500732033905624e+00
1.033211140401945727e+01 9.231511086724997206e-01 1.543273401868453831e+01
3.719246144522002084e-01 3.003447360891016715e-01 2.961444403852829255e-01
1.308871616868281151e+01 2.628338972014319097e-01 1.945713715890407813e-01
1.709840222395864195e-01 2.109933598430297208e-01 3.398752522892976025e-01
1.131099468026679072e-01 2.087850720363909895e-01 1.725498351112511042e-01
