5.286004289536234779e+01 4.227238817531166148e+01 6.438940019136994408e+01
3.360005348433623862e+00 4.159067828513008891e+01 5.441735288107228996e+01
3.258460462898534615e+01 4.888420867791388957e+01 4.148560025043258292e+01
4.589902697508843943e+01 6.426957275553047566e+01 4.989179234030611809e+01
4.088436199174542907e+01 6.778103283517991429e+01 5.577684850069425693e+01
4.241396614777175955e+01 5.322149641827201094e+01 5.017128055237665052e+01
3.973478414019833593e+01 6.505924745669933884e+01 4.470821615140868488e+01
4.434815085693924885e+01 3.866943963370811588e+01 8.180935293849431744e+00
2.806061187737539697e+01 3.253738089508014042e+01 3.442576868951537250e+01
7.055746078565239543e+01 3.123298114328137672e+03 3.213921343567070039e+02
4.112156595297805950e+01 7.523695204928159797e+01 7.268747300611538265e+01
7.700301683261912444e+01 9.824945194273502125e+01 -2.239297215879132615e-03
4.204553879975744479e+01 4.235904368537946496e+00 4.399436186933000670e+01
3.971069650235890987e-03 1.727895470597536759e-03 6.243030057344965689e-03
8.430575906896365268e+00 8.995088725134300134e+00 1.307499762297435275e+01
4.588862387571071366e+01 1.195271353976369993e-01 1.191465623943418484e-01
2.470947085858337289e+01 9.834805202832759274e-01 2.306275614825937570e+00
5.633250681730368115e+01 4.168559278390367240e+01 4.708042278864448349e+01
9.830258037906718371e-01 3.843515533992837163e+01 3.622237605274976624e-01
7.080097470444243868e+01 3.812566002491209360e+01 4.863296469446088821e+01
4.033747253880614636e+01 3.472653774567593388e+01 4.174963115092252508e+01
6.771961650096931795e-02 1.725248126609954524e-01 5.309747557653202166e-02
