2.614330789772113306e+01 2.354866582004665077e+01 3.074578810911431148e+01
5.742336815517089121e+01 3.564675398713075793e+01 5.525442534151512319e+01
3.308457113377891545e+01 2.163711127877503770e+01 1.868989633342729995e-01
4.046257472816924050e+00 1.367042829243837687e+00 4.221899588656418345e+00
2.892126225454660471e+01 8.489733303542084286e+01 4.564087522552313203e+01
4.504340730412356719e-01 9.752519118843213874e+00 1.322401400969305252e+00
6.453863309912526347e+01 8.169835114447170099e+01 1.023537303967144538e+02
6.115343476861998084e+01 7.861015764263149208e+01 2.826587301444392253e+01
2.389244764025029966e+01 1.487958807706809550e-01 1.009378444016468279e+02
2.624183758717466475e+01 2.033791975920532735e+01 1.400200582910065705e+01
1.908560573577263142e+02 8.269620543939296908e+01 1.806460140918657999e+03
1.304076317891905035e+02 3.646862023427819821e+01 6.111990083004034346e+01
3.998345717014731093e+01 1.105803631719227980e+02 5.943648726000741789e+01
7.286169637874506577e+01 4.034938782958695924e+01 7.389760292572265143e+01
1.365395085458361635e+01 4.004223696334415807e-03 3.283228327591841378e+01
5.481115618585094040e+01 4.043163189701316895e+01 2.112318515608062697e+01
2.715965640832964517e-02 2.562185916027001653e+01 1.977143500808288198e-02
1.536339480270518152e+02 8.621463114221083401e+01 8.568512503254886781e+01
3.715510179456166640e+01 2.121003553569964311e+02 5.347524561909221319e+01
1.299735420243524620e-01 7.236925184703786595e-02 2.213430306156084981e+01
6.827215702157502619e+01 1.660772870480677170e+02 3.281188037569657467e+01
3.961422223854918911e+01 2.574603300744296064e+01 2.123814642670589947e+01
3.580394591380107983e+01 7.550548785842028110e+01 3.776862226180762150e+01
