8.415400004863739014e+03
7.925622291564941406e+03
7.592764185428619385e+03
7.492937064170837402e+03
7.447981001853942871e+03
7.424351062774658203e+03
7.411096583843231201e+03
7.403118821620941162e+03
7.397942267417907715e+03
7.394301806926727295e+03
7.391488090515136719e+03
7.389049550533294678e+03
7.386687304496765137e+03
7.384157871246337891e+03
7.381441072940826416e+03
7.378219880104064941e+03
7.374025353908538818e+03
7.368926170349121094e+03
7.362017694950103760e+03
7.354330446243286133e+03
7.349649149417877197e+03
7.346705967426300049e+03
7.336787208080291748e+03
7.317951697826385498e+03
7.300699846267700195e+03
7.287209969520568848e+03
7.261192735195159912e+03
7.242863438606262207e+03
7.212477960586547852e+03
7.186933386802673340e+03
7.144822667598724365e+03
7.109102422237396240e+03
7.074207872867584229e+03
7.050786507129669189e+03
7.009485221385955811e+03
6.984074042797088623e+03
6.943204938411712646e+03
6.922048610210418701e+03
6.901379993438720703e+03
6.864303875923156738e+03
6.829137588024139404e+03
6.809213814258575439e+03
6.783187983036041260e+03
6.799634920120239258e+03
6.815688991546630859e+03
6.831364750385284424e+03
6.832045577526092529e+03
6.850389101028442383e+03
6.862066534996032715e+03
6.837101740360260010e+03
6.808507943153381348e+03
6.813876477241516113e+03
6.807879677295684814e+03
6.804816296100616455e+03
6.770405999660491943e+03
6.794176144123077393e+03
6.813737722873687744e+03
6.782851571559906006e+03
6.810722002029418945e+03
6.808906695365905762e+03
6.792409635066986084e+03
6.774139574527740479e+03
6.820151312351226807e+03
6.801307171344757080e+03
6.997153807163238525e+03
6.989859929084777832e+03
7.009705098152160645e+03
6.878676882266998291e+03
6.856435636520385742e+03
6.866615950107574463e+03
6.812483881473541260e+03
6.801529824256896973e+03
6.779801055431365967e+03
6.862443058967590332e+03
6.855871075153350830e+03
6.817388332366943359e+03
6.837542910575866699e+03
6.794827342033386230e+03
6.764467795848846436e+03
6.735721441745758057e+03
6.713680076599121094e+03
6.716442070960998535e+03
6.832523118972778320e+03
6.893071733951568604e+03
6.768650504589080811e+03
6.788318304538726807e+03
6.750979115486145020e+03
6.739932025432586670e+03
6.761619398117065430e+03
6.769086009979248047e+03
6.710570719242095947e+03
6.758669138908386230e+03
6.674679465770721436e+03
6.737112330436706543e+03
6.741854868412017822e+03
6.689703771114349365e+03
6.721784488677978516e+03
6.682198558330535889e+03
6.699240913391113281e+03
6.687080461978912354e+03
6.665463863849639893e+03
6.700392395973205566e+03
6.635405775547027588e+03
6.647044168472290039e+03
6.782506490230560303e+03
6.823481756687164307e+03
6.823072764396667480e+03
6.803068905830383301e+03
6.801476893901824951e+03
6.731682860851287842e+03
6.739844041347503662e+03
6.755159493923187256e+03
6.789515390872955322e+03
6.852893307209014893e+03
6.798348510742187500e+03
6.816150919914245605e+03
6.830123820781707764e+03
6.870878839015960693e+03
6.807107973098754883e+03
6.798701169967651367e+03
6.789821101188659668e+03
6.793410518646240234e+03
6.832892199993133545e+03
6.848119686126708984e+03
6.810638990879058838e+03
6.797697317600250244e+03
6.787078531742095947e+03
6.786586110591888428e+03
6.758008773803710938e+03
6.731586627483367920e+03
6.782499389648437500e+03
6.853098665237426758e+03
6.783544689655303955e+03
6.956272128582000732e+03
6.972469576358795166e+03
6.952353736877441406e+03
6.949748789310455322e+03
6.867456384658813477e+03
6.812213090419769287e+03
6.775975729465484619e+03
6.956393076419830322e+03
6.842256813049316406e+03
6.910935628414154053e+03
6.940649900436401367e+03
6.915952160358428955e+03
7.019901608943939209e+03
6.951038975238800049e+03
7.008138329029083252e+03
6.936965010166168213e+03
6.930983239173889160e+03
6.973910643577575684e+03
6.904089969635009766e+03
7.164475277900695801e+03
7.078504117965698242e+03
7.088450508594512939e+03
7.027113636016845703e+03
7.003780423641204834e+03
7.091686719417572021e+03
6.982796251296997070e+03
6.890337346553802490e+03
6.842298666477203369e+03
6.791940186500549316e+03
6.923321136951446533e+03
6.905986536026000977e+03
6.857745447158813477e+03
6.821679676055908203e+03
6.814421832561492920e+03
6.773498369693756104e+03
6.819133256435394287e+03
6.765666499614715576e+03
6.736849798202514648e+03
6.815722841739654541e+03
6.814809977531433105e+03
6.842607841491699219e+03
6.803726342678070068e+03
6.941579629421234131e+03
6.880472433567047119e+03
6.818212823390960693e+03
6.773344563484191895e+03
6.746819856643676758e+03
6.739161065101623535e+03
6.779227954864501953e+03
6.737081516742706299e+03
6.840359148979187012e+03
6.790796566486358643e+03
6.778678086280822754e+03
6.932966738224029541e+03
6.835682616710662842e+03
7.007168239593505859e+03
6.791432907104492188e+03
6.787021429538726807e+03
6.808227922439575195e+03
6.772900161266326904e+03
6.780752770900726318e+03
6.738872333049774170e+03
6.728335903167724609e+03
6.698702702999114990e+03
6.767214668750762939e+03
6.836544948101043701e+03
6.773730376243591309e+03
6.691809654712677002e+03
6.760245224952697754e+03
6.696271041393280029e+03
6.739049935340881348e+03
6.725603109836578369e+03
6.752784847259521484e+03
6.762928811073303223e+03
6.760809731960296631e+03
6.789776141166687012e+03
6.868010998725891113e+03
6.758319512367248535e+03
6.832228829383850098e+03
6.756545865058898926e+03
6.805981349945068359e+03
6.850430634498596191e+03
6.800746067047119141e+03
6.800732132434844971e+03
6.785106780052185059e+03
6.749930918693542480e+03
6.749080573081970215e+03
6.759556405067443848e+03
6.796676752567291260e+03
6.682596683025360107e+03
6.753357133865356445e+03
6.713130775928497314e+03
6.673627639770507812e+03
6.795928105354309082e+03
6.740003969669342041e+03
6.777085810184478760e+03
6.714190264701843262e+03
6.663214875221252441e+03
6.638569368362426758e+03
6.645316304206848145e+03
6.625664191722869873e+03
6.668431292533874512e+03
6.733024403572082520e+03
6.771524183750152588e+03
6.793232506752014160e+03
6.727549217224121094e+03
6.716420554637908936e+03
6.743716329574584961e+03
6.760205879211425781e+03
6.710645112514495850e+03
6.710015933036804199e+03
6.719943154811859131e+03
6.753463764190673828e+03
6.718251041412353516e+03
6.683760160446166992e+03
6.767800207614898682e+03
6.769693689346313477e+03
6.736671225070953369e+03
6.779956832408905029e+03
6.694052538394927979e+03
6.753478466510772705e+03
6.759749930381774902e+03
6.769453053951263428e+03
6.736554395198822021e+03
6.714461811065673828e+03
6.760866529941558838e+03
6.892432522773742676e+03
6.802210809707641602e+03
6.896813229084014893e+03
6.826958599567413330e+03
6.810583517551422119e+03
6.771997433662414551e+03
6.763299279689788818e+03
6.830530779838562012e+03
6.779124884605407715e+03
6.813588530540466309e+03
6.686117963314056396e+03
6.725047349452972412e+03
6.751035763263702393e+03
6.726773890495300293e+03
6.681437158107757568e+03
6.767359864234924316e+03
6.710046957969665527e+03
6.694094077587127686e+03
6.791434323310852051e+03
6.685551774024963379e+03
6.684367050170898438e+03
6.665905569076538086e+03
6.703707014560699463e+03
6.777366510868072510e+03
6.728703661918640137e+03
6.917424405097961426e+03
6.793819180011749268e+03
6.791803873538970947e+03
6.777438854694366455e+03
6.847371063709259033e+03
6.893461533069610596e+03
6.880863689899444580e+03
6.790875220298767090e+03
6.810112538337707520e+03
6.786907057285308838e+03
6.672684801101684570e+03
6.671738401889801025e+03
6.691368200302124023e+03
6.785195905208587646e+03
6.709622333049774170e+03
6.653393421173095703e+03
6.682138230800628662e+03
6.845051914691925049e+03
6.830313677787780762e+03
6.779114328384399414e+03
6.802953489303588867e+03
6.707512213230133057e+03
6.764518400192260742e+03
6.771438201904296875e+03
6.754542479038238525e+03
6.694934592247009277e+03
6.665765672683715820e+03
6.684951044082641602e+03
6.655187911987304688e+03
6.716045611858367920e+03
6.634331948757171631e+03
6.621427818298339844e+03
6.672790686607360840e+03
6.671597952842712402e+03
6.615475063323974609e+03
6.661651961803436279e+03
6.642654870033264160e+03
6.619396358013153076e+03
6.607847810745239258e+03
6.562433709621429443e+03
6.537816874027252197e+03
6.558787168502807617e+03
6.610205260753631592e+03
6.735257717132568359e+03
6.667790899276733398e+03
6.676217668056488037e+03
6.645345523834228516e+03
6.621532586097717285e+03
6.659512879371643066e+03
6.708511006355285645e+03
6.742722548484802246e+03
6.746914787292480469e+03
6.677488987445831299e+03
6.645778654098510742e+03
6.694505893707275391e+03
6.745035613059997559e+03
6.668575382232666016e+03
6.632037485599517822e+03
6.567205281257629395e+03
6.589041065692901611e+03
6.605422373294830322e+03
6.779597619533538818e+03
6.697459333896636963e+03
6.708442549228668213e+03
6.795866291999816895e+03
6.808914375305175781e+03
6.751965686798095703e+03
7.226817919731140137e+03
7.117863533020019531e+03
7.062494058132171631e+03
7.046449945926666260e+03
6.944997164726257324e+03
6.952326202869415283e+03
6.882857715129852295e+03
6.966740812778472900e+03
6.894437274456024170e+03
6.921700168609619141e+03
6.974434625625610352e+03
6.936275375366210938e+03
6.909689698696136475e+03
6.885979118824005127e+03
6.871713727474212646e+03
6.859612644195556641e+03
6.848624981880187988e+03
6.847239542961120605e+03
6.847429051399230957e+03
6.845270419597625732e+03
6.835186282157897949e+03
6.821994618892669678e+03
6.807378311157226562e+03
6.818937711238861084e+03
6.790191668510437012e+03
6.778955093383789062e+03
6.770145768165588379e+03
6.759413949966430664e+03
6.748116798400878906e+03
6.740849542140960693e+03
6.733098541259765625e+03
6.731410580635070801e+03
6.742888309001922607e+03
6.779068591594696045e+03
6.748247280597686768e+03
6.789064489364624023e+03
6.790071603775024414e+03
6.832337649822235107e+03
6.824091402053833008e+03
6.812262248516082764e+03
6.790113084316253662e+03
6.791680807113647461e+03
6.767282839775085449e+03
6.767271152019500732e+03
6.753272575855255127e+03
6.736693881988525391e+03
6.738008078098297119e+03
6.730520616531372070e+03
6.720837989330291748e+03
6.697853173732757568e+03
6.686810592174530029e+03
6.709013791561126709e+03
6.686055388450622559e+03
6.695986824035644531e+03
6.742172493934631348e+03
6.712099466800689697e+03
6.756019528388977051e+03
6.699488148212432861e+03
6.674912558078765869e+03
6.654343171596527100e+03
6.666261741161346436e+03
6.634387660980224609e+03
6.651345195293426514e+03
6.613183727741241455e+03
6.630157947063446045e+03
6.664899599075317383e+03
6.729740682601928711e+03
6.700932885169982910e+03
6.655228743553161621e+03
6.695502533435821533e+03
6.645396958827972412e+03
6.651643063068389893e+03
6.670190260410308838e+03
6.617479038715362549e+03
6.598877909183502197e+03
6.684172748088836670e+03
6.668299021720886230e+03
6.722204508304595947e+03
6.673128104209899902e+03
6.690908832550048828e+03
6.715092525959014893e+03
6.753850666046142578e+03
6.726116663932800293e+03
6.642554822921752930e+03
6.633574888706207275e+03
6.606820018768310547e+03
6.623062547683715820e+03
6.625786665439605713e+03
6.644728876590728760e+03
6.609995092391967773e+03
6.665808415412902832e+03
6.717239672183990479e+03
6.643362989425659180e+03
6.650795767784118652e+03
6.710385099411010742e+03
6.616740783214569092e+03
6.588749056339263916e+03
6.576173303604125977e+03
6.576633130550384521e+03
6.604040410995483398e+03
6.673879208087921143e+03
6.731133203029632568e+03
6.716183881282806396e+03
6.620209410190582275e+03
6.575309635639190674e+03
6.574619597911834717e+03
6.562751446723937988e+03
6.893449304580688477e+03
6.776478787422180176e+03
6.736189300537109375e+03
6.712241980075836182e+03
6.754441021442413330e+03
6.720779114723205566e+03
6.704559604644775391e+03
6.692496317386627197e+03
6.681634763240814209e+03
6.669769165992736816e+03
6.659351493358612061e+03
6.643321146488189697e+03
6.639644752502441406e+03
6.595336412906646729e+03
6.565460282325744629e+03
6.569006721973419189e+03
6.564660299777984619e+03
6.579741122245788574e+03
6.567566047668457031e+03
6.582413234233856201e+03
6.626896033763885498e+03
6.578579516887664795e+03
6.629677914857864380e+03
6.567667141914367676e+03
6.572155639171600342e+03
6.566852239131927490e+03
6.506328902244567871e+03
6.515039887905120850e+03
6.504068320512771606e+03
6.501888844728469849e+03
6.540074164390563965e+03
6.577756000041961670e+03
6.637005980014801025e+03
6.588274115085601807e+03
6.606591747760772705e+03
6.612216887950897217e+03
6.570026825428009033e+03
6.543856481075286865e+03
6.592318797111511230e+03
6.573587011814117432e+03
6.560057569980621338e+03
6.547423033714294434e+03
6.602954882144927979e+03
6.518698125839233398e+03
6.521565683841705322e+03
6.520449406147003174e+03
6.523502181529998779e+03
6.545768622398376465e+03
6.544649813652038574e+03
6.546942842483520508e+03
6.610413509368896484e+03
6.559907720565795898e+03
6.669567025184631348e+03
6.623684109687805176e+03
6.593695885658264160e+03
6.560705240726470947e+03
6.576060696125030518e+03
6.515912573814392090e+03
6.494366809368133545e+03
6.503323278903961182e+03
6.502015268802642822e+03
6.482433794021606445e+03
6.457223047256469727e+03
6.698787479400634766e+03
6.643228096008300781e+03
6.603149177551269531e+03
6.577568939208984375e+03
6.555406898975372314e+03
6.548987335681915283e+03
6.541320758819580078e+03
6.533493235588073730e+03
6.509411564350128174e+03
6.464264852285385132e+03
6.464548398017883301e+03
6.484354193210601807e+03
6.468597697734832764e+03
6.482111378192901611e+03
6.463755016326904297e+03
6.463214715719223022e+03
6.508229896068572998e+03
6.633950250625610352e+03
6.610702491283416748e+03
6.797164519786834717e+03
6.718314425945281982e+03
6.618744036197662354e+03
6.567477390766143799e+03
6.526583234310150146e+03
6.488173845291137695e+03
6.466110179901123047e+03
6.468316607952117920e+03
6.450126876354217529e+03
6.473641937732696533e+03
6.426963943958282471e+03
6.470485543251037598e+03
6.491432129859924316e+03
6.593627589225769043e+03
6.642496728420257568e+03
6.727576016426086426e+03
6.641107647895812988e+03
6.600432277202606201e+03
6.571765350818634033e+03
6.547902345657348633e+03
6.506558298110961914e+03
6.467197710037231445e+03
6.474524116992950439e+03
6.472006609916687012e+03
6.482733610153198242e+03
6.492058078289031982e+03
6.462215349197387695e+03
6.441462379932403564e+03
6.465439685821533203e+03
6.484214926719665527e+03
6.511324735641479492e+03
6.484300472736358643e+03
6.468536726474761963e+03
6.447124874591827393e+03
6.434434351682662964e+03
6.426894426822662354e+03
6.414953832387924194e+03
6.406185683488845825e+03
6.395054111242294312e+03
6.409567066669464111e+03
6.398965930938720703e+03
6.406200609207153320e+03
6.416082322597503662e+03
6.465805643320083618e+03
6.456309637546539307e+03
6.377109560489654541e+03
6.388922665596008301e+03
6.396205556154251099e+03
6.401346974849700928e+03
6.450294177055358887e+03
6.458746292352676392e+03
6.466495592832565308e+03
6.404317418813705444e+03
6.414441586971282959e+03
6.421974726200103760e+03
6.422206245899200439e+03
6.850442953109741211e+03
6.997851678371429443e+03
6.797047063827514648e+03
6.684495046138763428e+03
6.623627667903900146e+03
6.584603010177612305e+03
6.556835955142974854e+03
6.562460966587066650e+03
6.528923220634460449e+03
6.506845436096191406e+03
6.511123602867126465e+03
6.504490491390228271e+03
6.504259060382843018e+03
6.563024505615234375e+03
6.577337964534759521e+03
6.533288562774658203e+03
6.492311892509460449e+03
6.471943648338317871e+03
6.474458485603332520e+03
6.432971748352050781e+03
6.391764720439910889e+03
6.418907250881195068e+03
6.390343802928924561e+03
6.426060505867004395e+03
6.410612344264984131e+03
6.523074845314025879e+03
6.437092628002166748e+03
6.485175580501556396e+03
6.537427891731262207e+03
6.466716016769409180e+03
6.530690016269683838e+03
6.482421845912933350e+03
6.509139247894287109e+03
6.562908731460571289e+03
6.483371776580810547e+03
6.451876585006713867e+03
6.462636489391326904e+03
6.437444995403289795e+03
6.416830433368682861e+03
6.505716936826705933e+03
6.428667868852615356e+03
6.872464564800262451e+03
6.835744440555572510e+03
6.792770670890808105e+03
6.710108592033386230e+03
6.656074308395385742e+03
6.634640791893005371e+03
6.588790188789367676e+03
6.602682742595672607e+03
6.642674290657043457e+03
6.644640252590179443e+03
6.586707546710968018e+03
6.568659243106842041e+03
6.550748548507690430e+03
6.527886408329010010e+03
6.519302739620208740e+03
6.504713754177093506e+03
6.487219030380249023e+03
6.469700334548950195e+03
6.565000480651855469e+03
6.511054091453552246e+03
6.483405306816101074e+03
6.456814491271972656e+03
6.492309737682342529e+03
6.495200136661529541e+03
6.556651084899902344e+03
6.556734040737152100e+03
6.511881485462188721e+03
6.456748129367828369e+03
6.622920183181762695e+03
6.704052187919616699e+03
6.553464671134948730e+03
6.587720113754272461e+03
6.633537038326263428e+03
6.566288973808288574e+03
6.508003114700317383e+03
6.533062495231628418e+03
6.554065722465515137e+03
6.531025427579879761e+03
6.567873777389526367e+03
6.540818874835968018e+03
6.540849977970123291e+03
6.526723019599914551e+03
6.507426069259643555e+03
6.547157852172851562e+03
6.602151528358459473e+03
6.577207990169525146e+03
6.560743615627288818e+03
6.547385360717773438e+03
6.518928863048553467e+03
6.562258708953857422e+03
6.510665989875793457e+03
6.495487934112548828e+03
6.480345633983612061e+03
6.466047142982482910e+03
6.453523881435394287e+03
6.441150776863098145e+03
6.433866580724716187e+03
6.455950768232345581e+03
6.450274720191955566e+03
6.401274210929870605e+03
6.402019788980484009e+03
6.401661199569702148e+03
6.394396236658096313e+03
6.384624068498611450e+03
6.373568012714385986e+03
6.364052201986312866e+03
6.373922063112258911e+03
6.428158201217651367e+03
6.403169434070587158e+03
6.391309533119201660e+03
6.414238230466842651e+03
6.407552165746688843e+03
6.404162326812744141e+03
6.388060397863388062e+03
6.368945405006408691e+03
6.512844707012176514e+03
6.515489594459533691e+03
6.587459824085235596e+03
6.488299475431442261e+03
6.542261130571365356e+03
6.529531587839126587e+03
6.495838028907775879e+03
6.473075718402862549e+03
6.464730812072753906e+03
6.452758582830429077e+03
6.441752912759780884e+03
6.434589781045913696e+03
6.423991590023040771e+03
6.415665718317031860e+03
6.411437434911727905e+03
6.389316216707229614e+03
6.374592370510101318e+03
6.369426729917526245e+03
6.360846807718276978e+03
6.350555850982666016e+03
6.497019930839538574e+03
6.383673212289810181e+03
6.393632284402847290e+03
6.412343660354614258e+03
6.434107490062713623e+03
6.373624264478683472e+03
6.326511948347091675e+03
6.346459990739822388e+03
6.391276423454284668e+03
6.368238193035125732e+03
6.417638528823852539e+03
6.356845550537109375e+03
6.306944527387619019e+03
6.283222743511199951e+03
6.323951739549636841e+03
6.321073986768722534e+03
6.459272243976593018e+03
6.401002599239349365e+03
6.357130133628845215e+03
6.326940803527832031e+03
6.330539353132247925e+03
6.359164549827575684e+03
6.392112784624099731e+03
6.325497772932052612e+03
6.345319698095321655e+03
6.298734941244125366e+03
6.391867908239364624e+03
6.354240849971771240e+03
6.332704833030700684e+03
6.328880716562271118e+03
6.312803132534027100e+03
6.357104285240173340e+03
6.329607456207275391e+03
6.306342175483703613e+03
6.348124848127365112e+03
6.384377983570098877e+03
6.303890664100646973e+03
6.290813802719116211e+03
6.288454351902008057e+03
6.313600231170654297e+03
6.294793635129928589e+03
6.290093207836151123e+03
6.324312675476074219e+03
6.387647283315658569e+03
6.421199461460113525e+03
6.408444805860519409e+03
6.379115499019622803e+03
6.361624836921691895e+03
6.348630630970001221e+03
6.307182133674621582e+03
6.274169353008270264e+03
6.272856413841247559e+03
6.260922666311264038e+03
6.343441717386245728e+03
6.323303774833679199e+03
6.293207289457321167e+03
6.286564168930053711e+03
6.293893042564392090e+03
6.267590133905410767e+03
6.273413542747497559e+03
6.304362658262252808e+03
6.267545002460479736e+03
6.354850628852844238e+03
6.302075534582138062e+03
6.440979573011398315e+03
6.291369663715362549e+03
6.251497767448425293e+03
6.277301026344299316e+03
6.378967139720916748e+03
6.381749315738677979e+03
6.359765763282775879e+03
6.345566330194473267e+03
6.332802488327026367e+03
6.238931043386459351e+03
6.325700447559356689e+03
6.241509987115859985e+03
6.244400996208190918e+03
6.248924958467483521e+03
6.229323977470397949e+03
6.273996065139770508e+03
6.275839771032333374e+03
6.253396490573883057e+03
6.244879955530166626e+03
6.301060235738754272e+03
6.291787635326385498e+03
6.216933409214019775e+03
6.202407668352127075e+03
6.219712249040603638e+03
6.242051426410675049e+03
6.244408794879913330e+03
6.271749281406402588e+03
6.350074151277542114e+03
6.278645127534866333e+03
6.294035541772842407e+03
6.324248742103576660e+03
6.297407414674758911e+03
6.234748479127883911e+03
6.259536819458007812e+03
6.295311466217041016e+03
6.283834159135818481e+03
6.262510416984558105e+03
6.227092355012893677e+03
6.277329014778137207e+03
6.255206103086471558e+03
6.271209536075592041e+03
6.345998955726623535e+03
6.300838243007659912e+03
6.279393932342529297e+03
6.268165653467178345e+03
6.252709815979003906e+03
6.236737840414047241e+03
6.232888789653778076e+03
6.279144155740737915e+03
6.221744746685028076e+03
6.238376021385192871e+03
6.266846654176712036e+03
6.238599476575851440e+03
6.265896718263626099e+03
6.258502186775207520e+03
6.192684904098510742e+03
6.202428189039230347e+03
6.187331756591796875e+03
6.302230936288833618e+03
6.289754781007766724e+03
6.261128941535949707e+03
6.213806559562683105e+03
6.212266057252883911e+03
6.237126987934112549e+03
6.206013732671737671e+03
6.190283650398254395e+03
6.167842548847198486e+03
6.195185961246490479e+03
6.191612658739089966e+03
6.205930105924606323e+03
6.193513517141342163e+03
6.222808715105056763e+03
6.215009955644607544e+03
6.241246900558471680e+03
6.267044600009918213e+03
6.221243459939956665e+03
6.182357635974884033e+03
6.203985884904861450e+03
6.179134980678558350e+03
6.199734725952148438e+03
6.157215365648269653e+03
6.193225459814071655e+03
6.179968931674957275e+03
6.173277513265609741e+03
6.165042062759399414e+03
6.195999843358993530e+03
6.231276763439178467e+03
6.274619945287704468e+03
6.168231025934219360e+03
6.165339458227157593e+03
6.169294136762619019e+03
6.157631363153457642e+03
6.157110334396362305e+03
6.128975377559661865e+03
6.137456738710403442e+03
6.171985380649566650e+03
6.165290507793426514e+03
6.163110657215118408e+03
6.144337364912033081e+03
6.133403499603271484e+03
6.125680404663085938e+03
6.175736542224884033e+03
6.153099774599075317e+03
6.156735485315322876e+03
6.206442234754562378e+03
6.179766412973403931e+03
6.152576577425003052e+03
6.194396037340164185e+03
6.270983703136444092e+03
6.252872982501983643e+03
6.236761249065399170e+03
6.232557177066802979e+03
6.218873873233795166e+03
6.192950932979583740e+03
6.167197886705398560e+03
6.173485600948333740e+03
6.181523248434066772e+03
6.141093211412429810e+03
6.155054858684539795e+03
6.207160130977630615e+03
6.182302874326705933e+03
6.169978143215179443e+03
6.160587057352066040e+03
6.128666328191757202e+03
6.131801699638366699e+03
6.183314845323562622e+03
6.140889076232910156e+03
6.110484388589859009e+03
6.098281468391418457e+03
6.129444603681564331e+03
6.107284343957901001e+03
6.090716436624526978e+03
6.079864166498184204e+03
6.070821756124496460e+03
6.100614324092864990e+03
6.118854752779006958e+03
6.199637096881866455e+03
6.238379155635833740e+03
6.188348458766937256e+03
6.165575951337814331e+03
6.154991738080978394e+03
6.177299850463867188e+03
6.194790293455123901e+03
6.179018180131912231e+03
6.162174419879913330e+03
6.158245749711990356e+03
6.197067181110382080e+03
6.147970247030258179e+03
6.171330191373825073e+03
6.127817491531372070e+03
6.199873413801193237e+03
6.269124112367630005e+03
6.791010499715805054e+03
6.969674266338348389e+03
6.825856115341186523e+03
6.730955441474914551e+03
6.672377520084381104e+03
6.641295067310333252e+03
6.610335939884185791e+03
6.583479200839996338e+03
6.564384781837463379e+03
6.563856524944305420e+03
6.540638028144836426e+03
6.511063953399658203e+03
6.492195634365081787e+03
6.475429530620574951e+03
6.444594727516174316e+03
6.422998156070709229e+03
6.406531385421752930e+03
6.391289990901947021e+03
6.378298511028289795e+03
6.368072461128234863e+03
6.355973298072814941e+03
6.344608024597167969e+03
6.335929982662200928e+03
6.328872283458709717e+03
6.316737007379531860e+03
6.306108164548873901e+03
6.296409462213516235e+03
6.287596273660659790e+03
6.291665932655334473e+03
6.277821069240570068e+03
6.291297380924224854e+03
6.267102686405181885e+03
6.260586004495620728e+03
6.266775822401046753e+03
6.304381982326507568e+03
6.304549002647399902e+03
6.310546362400054932e+03
6.355113761425018311e+03
6.339247627735137939e+03
6.306180497884750366e+03
6.293415961980819702e+03
6.255408646345138550e+03
6.234984133005142212e+03
6.240038565874099731e+03
6.195491464853286743e+03
6.249179732561111450e+03
6.249705814599990845e+03
6.240795004367828369e+03
6.237339411497116089e+03
6.263755829572677612e+03
6.243117489099502563e+03
6.231884132862091064e+03
