5.294249434471130371e+02
5.288747835159301758e+02
5.283262243270874023e+02
5.277779164314270020e+02
5.272285060882568359e+02
5.266766676902770996e+02
5.261210570335388184e+02
5.255602560043334961e+02
5.249928689002990723e+02
5.244174022674560547e+02
5.238323636054992676e+02
5.232361540794372559e+02
5.226272292137145996e+02
5.220039892196655273e+02
5.213649048805236816e+02
5.207086200714111328e+02
5.200339822769165039e+02
5.193403367996215820e+02
5.186276898384094238e+02
5.178970346450805664e+02
5.171508178710937500e+02
5.163932652473449707e+02
5.156308073997497559e+02
5.148721389770507812e+02
5.141277775764465332e+02
5.134089221954345703e+02
5.127254209518432617e+02
5.120835781097412109e+02
5.114844398498535156e+02
5.109239044189453125e+02
5.103942670822143555e+02
5.098869171142578125e+02
5.093945474624633789e+02
5.089122543334960938e+02
5.084377379417419434e+02
5.079707641601562500e+02
5.075125575065612793e+02
5.070652513504028320e+02
5.066314225196838379e+02
5.062137618064880371e+02
5.058148150444030762e+02
5.054368114471435547e+02
5.050814647674560547e+02
5.047499632835388184e+02
5.044428811073303223e+02
5.041602659225463867e+02
5.039016423225402832e+02
5.036661162376403809e+02
5.034524655342102051e+02
5.032592840194702148e+02
5.030849823951721191e+02
5.029279494285583496e+02
5.027865347862243652e+02
5.026591758728027344e+02
5.025443830490112305e+02
5.024407825469970703e+02
5.023471145629882812e+02
5.022622671127319336e+02
5.021852159500122070e+02
5.021151032447814941e+02
5.020511445999145508e+02
5.019926743507385254e+02
5.019390907287597656e+02
5.018898897171020508e+02
5.018446340560913086e+02
5.018029108047485352e+02
5.017643947601318359e+02
5.017287831306457520e+02
5.016958107948303223e+02
5.016652398109436035e+02
5.016368618011474609e+02
5.016104931831359863e+02
5.015859599113464355e+02
5.015631155967712402e+02
5.015418248176574707e+02
5.015219712257385254e+02
5.015034351348876953e+02
5.014861164093017578e+02
5.014699182510375977e+02
5.014547719955444336e+02
5.014405832290649414e+02
5.014272847175598145e+02
5.014148192405700684e+02
5.014031305313110352e+02
5.013921384811401367e+02
5.013818178176879883e+02
5.013721141815185547e+02
5.013629841804504395e+02
5.013543891906738281e+02
5.013462882041931152e+02
5.013386449813842773e+02
5.013314490318298340e+02
5.013246474266052246e+02
5.013182225227355957e+02
5.013121500015258789e+02
5.013064122200012207e+02
5.013009629249572754e+02
5.012958140373229980e+02
5.012909269332885742e+02
5.012863054275512695e+02
5.012819085121154785e+02
5.012777471542358398e+02
5.012737593650817871e+02
5.012699899673461914e+02
5.012664065361022949e+02
5.012629837989807129e+02
5.012597293853759766e+02
5.012566242218017578e+02
5.012536654472351074e+02
5.012508301734924316e+02
5.012481336593627930e+02
5.012455530166625977e+02
5.012430796623229980e+02
5.012407164573669434e+02
5.012384448051452637e+02
5.012362761497497559e+02
5.012341933250427246e+02
5.012322006225585938e+02
5.012302875518798828e+02
5.012284331321716309e+02
5.012266583442687988e+02
5.012249622344970703e+02
5.012233257293701172e+02
5.012217388153076172e+02
5.012202138900756836e+02
5.012187457084655762e+02
5.012173237800598145e+02
5.012159514427185059e+02
5.012146372795104980e+02
5.012133460044860840e+02
5.012121105194091797e+02
5.012109189033508301e+02
5.012097482681274414e+02
5.012086200714111328e+02
5.012075314521789551e+02
5.012064738273620605e+02
5.012054467201232910e+02
5.012044529914855957e+02
5.012034730911254883e+02
5.012025275230407715e+02
5.012016086578369141e+02
5.012007193565368652e+02
5.011998400688171387e+02
5.011989946365356445e+02
5.011981625556945801e+02
5.011973652839660645e+02
5.011965675354003906e+02
5.011957964897155762e+02
5.011950407028198242e+02
5.011943082809448242e+02
5.011935820579528809e+02
5.011928825378417969e+02
5.011921854019165039e+02
5.011915140151977539e+02
5.011908502578735352e+02
5.011901974678039551e+02
5.011895623207092285e+02
5.011889262199401855e+02
5.011883158683776855e+02
5.011877083778381348e+02
5.011871166229248047e+02
5.011865315437316895e+02
5.011859569549560547e+02
5.011853876113891602e+02
5.011848363876342773e+02
5.011842861175537109e+02
5.011837415695190430e+02
5.011832065582275391e+02
5.011826882362365723e+02
5.011821699142456055e+02
5.011816544532775879e+02
5.011811504364013672e+02
5.011806502342224121e+02
5.011801638603210449e+02
5.011796774864196777e+02
5.011792011260986328e+02
5.011787190437316895e+02
5.011782550811767578e+02
5.011777911186218262e+02
5.011773271560668945e+02
5.011768803596496582e+02
5.011764268875122070e+02
5.011759777069091797e+02
5.011755375862121582e+02
5.011750960350036621e+02
5.011746649742126465e+02
5.011742329597473145e+02
5.011738109588623047e+02
5.011733832359313965e+02
5.011729607582092285e+02
5.011725482940673828e+02
5.011721405982971191e+02
5.011717190742492676e+02
5.011713204383850098e+02
5.011709103584289551e+02
5.011705174446105957e+02
5.011701178550720215e+02
5.011697225570678711e+02
5.011693339347839355e+02
5.011689434051513672e+02
5.011685495376586914e+02
5.011681685447692871e+02
5.011677789688110352e+02
5.011673941612243652e+02
5.011670188903808594e+02
5.011666445732116699e+02
5.011662654876708984e+02
5.011658902168273926e+02
5.011655187606811523e+02
5.011651444435119629e+02
5.011647758483886719e+02
5.011643996238708496e+02
5.011640400886535645e+02
5.011636819839477539e+02
5.011633129119873047e+02
5.011629557609558105e+02
5.011625876426696777e+02
5.011622357368469238e+02
5.011618719100952148e+02
5.011615238189697266e+02
5.011611661911010742e+02
5.011608104705810547e+02
5.011604585647583008e+02
5.011601099967956543e+02
5.011597609519958496e+02
5.011594080924987793e+02
5.011590623855590820e+02
5.011587109565734863e+02
5.011583614349365234e+02
5.011580228805541992e+02
5.011576681137084961e+02
5.011573295593261719e+02
5.011569828987121582e+02
5.011566452980041504e+02
5.011563024520874023e+02
5.011559591293334961e+02
5.011556296348571777e+02
5.011552901268005371e+02
5.011549487113952637e+02
5.011546096801757812e+02
5.011542816162109375e+02
5.011539402008056641e+02
5.011536016464233398e+02
5.011532731056213379e+02
5.011529326438903809e+02
5.011526007652282715e+02
5.011522693634033203e+02
5.011519422531127930e+02
5.011516132354736328e+02
5.011512737274169922e+02
5.011509456634521484e+02
5.011506171226501465e+02
5.011502842903137207e+02
5.011499528884887695e+02
5.011496238708496094e+02
5.011492962837219238e+02
5.011489677429199219e+02
5.011486392021179199e+02
5.011483192443847656e+02
5.011479902267456055e+02
5.011476640701293945e+02
5.011473317146301270e+02
5.011470007896423340e+02
5.011466794013977051e+02
5.011463599205017090e+02
5.011460347175598145e+02
5.011457180976867676e+02
5.011453900337219238e+02
5.011450667381286621e+02
5.011447486877441406e+02
5.011444196701049805e+02
5.011441020965576172e+02
5.011437788009643555e+02
5.011434631347656250e+02
5.011431307792663574e+02
5.011428103446960449e+02
5.011424918174743652e+02
5.011421689987182617e+02
5.011418576240539551e+02
5.011415319442749023e+02
5.011412210464477539e+02
5.011408944129943848e+02
5.011405777931213379e+02
5.011402530670166016e+02
5.011399316787719727e+02
5.011396188735961914e+02
5.011393041610717773e+02
5.011389846801757812e+02
5.011386590003967285e+02
5.011383414268493652e+02
5.011380262374877930e+02
5.011377081871032715e+02
5.011373963356018066e+02
5.011370749473571777e+02
5.011367588043212891e+02
5.011364369392395020e+02
5.011361207962036133e+02
5.011358118057250977e+02
5.011354861259460449e+02
5.011351747512817383e+02
5.011348595619201660e+02
5.011345419883728027e+02
5.011342325210571289e+02
5.011339097023010254e+02
5.011335973739624023e+02
5.011332845687866211e+02
5.011329660415649414e+02
5.011326537132263184e+02
5.011323394775390625e+02
5.011320233345031738e+02
5.011317038536071777e+02
5.011314029693603516e+02
5.011310830116271973e+02
5.011307735443115234e+02
5.011304521560668945e+02
5.011301383972167969e+02
5.011298294067382812e+02
5.011295104026794434e+02
5.011291952133178711e+02
5.011288828849792480e+02
5.011285681724548340e+02
5.011282596588134766e+02
5.011279458999633789e+02
5.011276340484619141e+02
5.011273183822631836e+02
5.011270051002502441e+02
5.011266927719116211e+02
5.011263813972473145e+02
5.011260685920715332e+02
5.011257543563842773e+02
5.011254386901855469e+02
5.011251292228698730e+02
5.011248102188110352e+02
5.011245050430297852e+02
5.011241903305053711e+02
5.011238751411437988e+02
5.011235618591308594e+02
5.011232538223266602e+02
5.011229405403137207e+02
5.011226286888122559e+02
5.011223139762878418e+02
5.011220040321350098e+02
5.011216902732849121e+02
5.011213779449462891e+02
5.011210737228393555e+02
5.011207528114318848e+02
5.011204442977905273e+02
5.011201362609863281e+02
5.011198220252990723e+02
5.011195135116577148e+02
5.011192011833190918e+02
5.011188845634460449e+02
5.011185708045959473e+02
5.011182703971862793e+02
5.011179451942443848e+02
5.011176424026489258e+02
5.011173272132873535e+02
5.011170182228088379e+02
5.011167111396789551e+02
5.011163954734802246e+02
5.011160879135131836e+02
5.011157751083374023e+02
5.011154580116271973e+02
5.011151471138000488e+02
5.011148428916931152e+02
5.011145277023315430e+02
5.011142277717590332e+02
5.011139097213745117e+02
5.011135993003845215e+02
5.011132774353027344e+02
5.011129684448242188e+02
5.011126594543457031e+02
5.011123452186584473e+02
5.011120424270629883e+02
5.011117191314697266e+02
5.011114125251770020e+02
5.011111083030700684e+02
5.011107892990112305e+02
5.011104784011840820e+02
5.011101670265197754e+02
5.011098613739013672e+02
5.011095442771911621e+02
5.011092319488525391e+02
5.011089305877685547e+02
5.011086077690124512e+02
5.011082959175109863e+02
5.011079936027526855e+02
5.011076769828796387e+02
5.011073660850524902e+02
5.011070561408996582e+02
5.011067385673522949e+02
5.011064291000366211e+02
5.011061182022094727e+02
5.011058053970336914e+02
5.011054940223693848e+02
5.011051840782165527e+02
5.011048703193664551e+02
5.011045570373535156e+02
5.011042418479919434e+02
5.011039333343505859e+02
5.011036229133605957e+02
5.011033053398132324e+02
5.011029949188232422e+02
5.011026821136474609e+02
5.011023755073547363e+02
5.011020588874816895e+02
5.011017456054687500e+02
5.011014394760131836e+02
5.011011233329772949e+02
5.011008133888244629e+02
5.011004953384399414e+02
5.011001815795898438e+02
5.010998721122741699e+02
5.010995526313781738e+02
5.010992522239685059e+02
5.010989379882812500e+02
5.010986185073852539e+02
5.010983157157897949e+02
5.010979948043823242e+02
5.010976834297180176e+02
5.010973677635192871e+02
5.010970630645751953e+02
5.010967402458190918e+02
5.010964298248291016e+02
5.010961222648620605e+02
5.010957927703857422e+02
5.010954909324645996e+02
5.010951843261718750e+02
5.010948596000671387e+02
5.010945491790771484e+02
5.010942378044128418e+02
5.010939188003540039e+02
5.010936050415039062e+02
5.010932936668395996e+02
5.010929841995239258e+02
5.010926556587219238e+02
5.010923447608947754e+02
5.010920257568359375e+02
5.010917201042175293e+02
5.010914034843444824e+02
5.010910878181457520e+02
5.010907750129699707e+02
5.010904631614685059e+02
5.010901484489440918e+02
5.010898313522338867e+02
5.010895137786865234e+02
5.010891995429992676e+02
5.010888833999633789e+02
5.010885658264160156e+02
5.010882501602172852e+02
5.010879335403442383e+02
5.010876159667968750e+02
5.010873079299926758e+02
5.010869827270507812e+02
5.010866742134094238e+02
5.010863542556762695e+02
5.010860376358032227e+02
5.010857210159301758e+02
5.010853986740112305e+02
5.010850906372070312e+02
5.010847654342651367e+02
5.010844650268554688e+02
5.010841321945190430e+02
5.010838208198547363e+02
5.010834922790527344e+02
5.010831780433654785e+02
5.010828719139099121e+02
5.010825486183166504e+02
5.010822253227233887e+02
5.010819077491760254e+02
5.010815896987915039e+02
5.010812678337097168e+02
5.010809555053710938e+02
5.010806312561035156e+02
5.010803232192993164e+02
5.010800023078918457e+02
5.010796723365783691e+02
5.010793633460998535e+02
5.010790376663208008e+02
5.010787129402160645e+02
5.010783987045288086e+02
5.010780758857727051e+02
5.010777587890625000e+02
5.010774326324462891e+02
5.010771098136901855e+02
5.010767917633056641e+02
5.010764722824096680e+02
5.010761570930480957e+02
5.010758314132690430e+02
5.010755128860473633e+02
5.010751914978027344e+02
5.010748686790466309e+02
5.010745429992675781e+02
5.010742187500000000e+02
5.010739030838012695e+02
5.010735759735107422e+02
5.010732579231262207e+02
5.010729384422302246e+02
5.010726099014282227e+02
5.010722823143005371e+02
5.010719623565673828e+02
5.010716376304626465e+02
5.010713171958923340e+02
5.010709900856018066e+02
5.010706624984741211e+02
5.010703415870666504e+02
5.010700235366821289e+02
5.010696883201599121e+02
5.010693669319152832e+02
5.010690336227416992e+02
5.010687170028686523e+02
5.010683898925781250e+02
5.010680608749389648e+02
5.010677361488342285e+02
5.010674118995666504e+02
5.010670828819274902e+02
5.010667586326599121e+02
5.010664334297180176e+02
5.010661044120788574e+02
5.010657734870910645e+02
5.010654535293579102e+02
5.010651259422302246e+02
5.010647873878479004e+02
5.010644574165344238e+02
5.010641422271728516e+02
5.010638022422790527e+02
5.010634808540344238e+02
5.010631632804870605e+02
5.010628266334533691e+02
5.010624966621398926e+02
5.010621633529663086e+02
5.010618305206298828e+02
5.010615000724792480e+02
5.010611667633056641e+02
5.010608410835266113e+02
5.010605053901672363e+02
5.010601801872253418e+02
5.010598502159118652e+02
5.010595135688781738e+02
5.010591783523559570e+02
5.010588469505310059e+02
5.010585088729858398e+02
5.010581836700439453e+02
5.010578479766845703e+02
5.010575146675109863e+02
5.010571780204772949e+02
5.010568494796752930e+02
5.010565204620361328e+02
5.010561790466308594e+02
5.010558414459228516e+02
5.010555124282836914e+02
5.010551757812500000e+02
5.010548348426818848e+02
5.010545058250427246e+02
5.010541634559631348e+02
5.010538334846496582e+02
5.010534892082214355e+02
5.010531520843505859e+02
5.010528211593627930e+02
5.010524792671203613e+02
5.010521411895751953e+02
5.010518074035644531e+02
5.010514688491821289e+02
5.010511240959167480e+02
5.010507903099060059e+02
5.010504498481750488e+02
5.010501060485839844e+02
5.010497674942016602e+02
5.010494275093078613e+02
5.010490784645080566e+02
5.010487475395202637e+02
5.010484013557434082e+02
5.010480604171752930e+02
5.010477170944213867e+02
5.010473790168762207e+02
5.010470395088195801e+02
5.010466928482055664e+02
5.010463514328002930e+02
5.010460100173950195e+02
5.010456643104553223e+02
5.010453233718872070e+02
5.010449757575988770e+02
5.010446243286132812e+02
5.010442886352539062e+02
5.010439357757568359e+02
5.010435881614685059e+02
5.010432457923889160e+02
5.010428962707519531e+02
5.010425534248352051e+02
5.010421972274780273e+02
5.010418539047241211e+02
5.010415101051330566e+02
5.010411577224731445e+02
5.010408153533935547e+02
5.010404553413391113e+02
5.010401129722595215e+02
5.010397539138793945e+02
5.010394096374511719e+02
5.010390586853027344e+02
5.010387077331542969e+02
5.010383577346801758e+02
5.010380077362060547e+02
5.010376443862915039e+02
5.010373048782348633e+02
5.010369448661804199e+02
5.010365962982177734e+02
5.010362415313720703e+02
5.010358901023864746e+02
5.010355286598205566e+02
5.010351772308349609e+02
5.010348186492919922e+02
5.010344653129577637e+02
5.010341119766235352e+02
5.010337505340576172e+02
5.010333924293518066e+02
5.010330376625061035e+02
5.010326800346374512e+02
5.010323219299316406e+02
5.010319647789001465e+02
5.010315933227539062e+02
5.010312428474426270e+02
5.010308828353881836e+02
5.010305118560791016e+02
5.010301532745361328e+02
5.010297884941101074e+02
5.010294327735900879e+02
5.010290684700012207e+02
5.010287060737609863e+02
5.010283379554748535e+02
5.010279779434204102e+02
5.010276203155517578e+02
5.010272545814514160e+02
5.010268902778625488e+02
5.010265245437622070e+02
5.010261507034301758e+02
5.010257873535156250e+02
5.010254273414611816e+02
5.010250477790832520e+02
5.010246868133544922e+02
5.010243148803710938e+02
5.010239443778991699e+02
5.010235762596130371e+02
5.010232071876525879e+02
5.010228404998779297e+02
5.010224642753601074e+02
5.010220923423767090e+02
5.010217232704162598e+02
5.010213489532470703e+02
5.010209774971008301e+02
5.010206046104431152e+02
5.010202264785766602e+02
5.010198502540588379e+02
5.010194773674011230e+02
5.010191030502319336e+02
5.010187315940856934e+02
5.010183520317077637e+02
5.010179686546325684e+02
5.010175890922546387e+02
5.010172200202941895e+02
5.010168333053588867e+02
5.010164570808410645e+02
5.010160756111145020e+02
5.010156970024108887e+02
5.010153150558471680e+02
5.010149331092834473e+02
5.010145473480224609e+02
5.010141620635986328e+02
5.010137820243835449e+02
5.010133972167968750e+02
5.010130152702331543e+02
5.010126352310180664e+02
5.010122408866882324e+02
5.010118498802185059e+02
5.010114693641662598e+02
5.010110735893249512e+02
5.010107002258300781e+02
5.010102972984313965e+02
5.010099172592163086e+02
5.010095262527465820e+02
5.010091333389282227e+02
5.010087413787841797e+02
5.010083465576171875e+02
5.010079493522644043e+02
5.010075664520263672e+02
5.010071783065795898e+02
5.010067739486694336e+02
5.010063729286193848e+02
5.010059947967529297e+02
5.010055842399597168e+02
5.010051894187927246e+02
5.010047988891601562e+02
5.010043888092041016e+02
5.010039968490600586e+02
5.010036020278930664e+02
5.010031986236572266e+02
5.010027999877929688e+02
5.010023951530456543e+02
5.010019960403442383e+02
5.010015897750854492e+02
5.010011820793151855e+02
5.010007858276367188e+02
5.010003681182861328e+02
5.009999685287475586e+02
5.009995627403259277e+02
5.009991474151611328e+02
5.009987411499023438e+02
5.009983301162719727e+02
5.009979276657104492e+02
5.009975132942199707e+02
5.009971075057983398e+02
5.009966902732849121e+02
5.009962821006774902e+02
5.009958620071411133e+02
5.009954562187194824e+02
5.009950385093688965e+02
5.009946174621582031e+02
5.009942045211791992e+02
5.009937887191772461e+02
5.009933757781982422e+02
5.009929485321044922e+02
5.009925303459167480e+02
5.009921116828918457e+02
5.009916896820068359e+02
5.009912652969360352e+02
5.009908514022827148e+02
5.009904227256774902e+02
5.009899821281433105e+02
5.009895658493041992e+02
5.009891409873962402e+02
5.009887213706970215e+02
5.009882879257202148e+02
5.009878616333007812e+02
5.009874300956726074e+02
5.009870004653930664e+02
5.009865813255310059e+02
5.009861416816711426e+02
5.009857101440429688e+02
5.009852733612060547e+02
5.009848308563232422e+02
5.009844031333923340e+02
5.009839687347412109e+02
5.009835209846496582e+02
5.009830961227416992e+02
5.009826521873474121e+02
5.009822111129760742e+02
5.009817667007446289e+02
5.009813303947448730e+02
5.009808864593505859e+02
5.009804482460021973e+02
5.009799952507019043e+02
5.009795560836791992e+02
5.009791011810302734e+02
5.009786453247070312e+02
5.009782152175903320e+02
5.009777636528015137e+02
5.009773063659667969e+02
5.009768548011779785e+02
5.009763970375061035e+02
5.009759531021118164e+02
5.009755034446716309e+02
5.009750471115112305e+02
5.009745879173278809e+02
5.009741249084472656e+02
5.009736719131469727e+02
5.009732155799865723e+02
5.009727497100830078e+02
5.009722938537597656e+02
5.009718265533447266e+02
5.009713625907897949e+02
5.009708952903747559e+02
5.009704341888427734e+02
5.009699640274047852e+02
5.009694976806640625e+02
5.009690213203430176e+02
5.009685573577880859e+02
5.009680886268615723e+02
5.009676160812377930e+02
5.009671440124511719e+02
5.009666638374328613e+02
5.009661927223205566e+02
5.009657077789306641e+02
5.009652323722839355e+02
5.009647593498229980e+02
5.009642748832702637e+02
5.009637970924377441e+02
5.009633111953735352e+02
5.009628262519836426e+02
5.009623360633850098e+02
5.009618558883666992e+02
5.009613580703735352e+02
5.009608869552612305e+02
5.009603943824768066e+02
5.009598999023437500e+02
5.009594044685363770e+02
5.009589171409606934e+02
5.009584121704101562e+02
5.009579215049743652e+02
5.009574184417724609e+02
5.009569215774536133e+02
5.009564256668090820e+02
5.009559183120727539e+02
5.009554119110107422e+02
5.009549221992492676e+02
5.009544153213500977e+02
5.009539041519165039e+02
5.009534015655517578e+02
5.009528970718383789e+02
5.009523768424987793e+02
5.009518675804138184e+02
5.009513478279113770e+02
5.009508304595947266e+02
5.009503211975097656e+02
5.009498047828674316e+02
5.009492835998535156e+02
5.009487595558166504e+02
5.009482355117797852e+02
5.009477233886718750e+02
5.009471859931945801e+02
5.009466648101806641e+02
5.009461402893066406e+02
5.009456086158752441e+02
5.009450798034667969e+02
5.009445490837097168e+02
5.009440045356750488e+02
5.009434747695922852e+02
5.009429359436035156e+02
5.009423904418945312e+02
5.009418578147888184e+02
5.009413204193115234e+02
5.009407734870910645e+02
5.009402251243591309e+02
5.009396886825561523e+02
5.009391384124755859e+02
5.009385862350463867e+02
5.009380278587341309e+02
5.009374818801879883e+02
5.009369273185729980e+02
5.009363703727722168e+02
5.009358100891113281e+02
5.009352526664733887e+02
5.009346842765808105e+02
5.009341320991516113e+02
5.009335608482360840e+02
5.009329972267150879e+02
5.009324197769165039e+02
5.009318580627441406e+02
5.009312853813171387e+02
5.009307050704956055e+02
5.009301333427429199e+02
5.009295496940612793e+02
5.009289813041687012e+02
5.009283947944641113e+02
5.009278078079223633e+02
5.009272289276123047e+02
5.009266448020935059e+02
5.009260549545288086e+02
5.009254570007324219e+02
5.009248733520507812e+02
5.009242672920227051e+02
5.009236788749694824e+02
5.009230751991271973e+02
5.009224748611450195e+02
5.009218692779541016e+02
5.009212656021118164e+02
5.009206609725952148e+02
5.009200453758239746e+02
5.009194431304931641e+02
5.009188251495361328e+02
5.009182071685791016e+02
5.009175925254821777e+02
5.009169783592224121e+02
5.009163503646850586e+02
5.009157261848449707e+02
5.009151096343994141e+02
5.009144725799560547e+02
5.009138445854187012e+02
5.009132142066955566e+02
5.009125709533691406e+02
5.009119343757629395e+02
5.009112949371337891e+02
5.009106516838073730e+02
5.009100112915039062e+02
5.009093575477600098e+02
5.009087085723876953e+02
5.009080643653869629e+02
5.009074082374572754e+02
5.009067478179931641e+02
5.009060897827148438e+02
5.009054226875305176e+02
5.009047651290893555e+02
5.009040966033935547e+02
5.009034352302551270e+02
5.009027576446533203e+02
5.009020886421203613e+02
5.009013957977294922e+02
5.009007215499877930e+02
5.009000368118286133e+02
5.008993530273437500e+02
5.008986668586730957e+02
5.008979706764221191e+02
5.008972811698913574e+02
5.008965806961059570e+02
5.008958835601806641e+02
5.008951797485351562e+02
5.008944768905639648e+02
5.008937678337097168e+02
5.008930578231811523e+02
5.008923368453979492e+02
5.008916187286376953e+02
5.008909082412719727e+02
5.008901767730712891e+02
5.008894534111022949e+02
5.008887228965759277e+02
5.008879919052124023e+02
5.008872561454772949e+02
5.008865194320678711e+02
5.008857750892639160e+02
5.008850364685058594e+02
5.008842740058898926e+02
5.008835263252258301e+02
5.008827781677246094e+02
5.008820161819458008e+02
5.008812642097473145e+02
5.008804907798767090e+02
5.008797197341918945e+02
5.008789544105529785e+02
5.008781704902648926e+02
5.008773908615112305e+02
5.008766040802001953e+02
5.008758244514465332e+02
5.008750329017639160e+02
5.008742403984069824e+02
5.008734340667724609e+02
5.008726358413696289e+02
5.008718318939208984e+02
5.008710136413574219e+02
5.008702073097229004e+02
5.008693852424621582e+02
5.008685569763183594e+02
5.008677415847778320e+02
5.008669085502624512e+02
5.008660693168640137e+02
5.008652377128601074e+02
5.008643846511840820e+02
5.008635425567626953e+02
5.008626923561096191e+02
5.008618378639221191e+02
5.008609800338745117e+02
5.008601136207580566e+02
5.008592438697814941e+02
5.008583693504333496e+02
5.008574905395507812e+02
5.008566083908081055e+02
5.008557114601135254e+02
5.008548250198364258e+02
5.008539271354675293e+02
5.008530287742614746e+02
5.008521089553833008e+02
5.008512067794799805e+02
5.008502869606018066e+02
5.008493638038635254e+02
5.008484420776367188e+02
5.008475046157836914e+02
5.008465662002563477e+02
5.008456115722656250e+02
5.008446722030639648e+02
5.008437089920043945e+02
5.008427581787109375e+02
5.008417844772338867e+02
5.008408122062683105e+02
5.008398427963256836e+02
5.008388500213623047e+02
5.008378529548645020e+02
5.008368611335754395e+02
5.008358616828918457e+02
5.008348546028137207e+02
5.008338336944580078e+02
5.008328180313110352e+02
5.008317918777465820e+02
5.008307523727416992e+02
5.008297152519226074e+02
5.008286685943603516e+02
5.008276152610778809e+02
5.008265542984008789e+02
5.008254804611206055e+02
5.008244104385375977e+02
5.008233261108398438e+02
5.008222293853759766e+02
5.008211379051208496e+02
5.008200325965881348e+02
5.008189206123352051e+02
5.008177967071533203e+02
5.008166699409484863e+02
5.008155341148376465e+02
5.008143882751464844e+02
5.008132338523864746e+02
5.008120760917663574e+02
5.008109116554260254e+02
5.008097300529479980e+02
5.008085446357727051e+02
