7.999629963397979736e+03
7.663840910911560059e+03
7.572399089813232422e+03
7.539206578731536865e+03
7.494025699615478516e+03
7.475321842193603516e+03
7.494069785118103027e+03
7.476041249275207520e+03
7.421777987003326416e+03
7.398402017593383789e+03
7.400427174091339111e+03
7.403004975318908691e+03
7.416020351886749268e+03
7.417180472373962402e+03
7.396941545009613037e+03
7.385341974735260010e+03
7.388038578033447266e+03
7.375736251592636108e+03
7.458534193754196167e+03
7.414119635581970215e+03
7.451972125291824341e+03
7.449977565526962280e+03
7.414432520627975464e+03
7.454673964262008667e+03
7.433042455673217773e+03
7.424473301410675049e+03
7.449880374431610107e+03
7.455959337472915649e+03
7.454050367355346680e+03
7.463877234935760498e+03
7.463357882499694824e+03
7.457953286170959473e+03
7.458633286952972412e+03
7.463491835117340088e+03
7.462319272041320801e+03
7.463900668621063232e+03
7.464822391986846924e+03
7.464936317443847656e+03
7.446530303478240967e+03
7.421157248973846436e+03
7.463919388294219971e+03
7.463463702678680420e+03
7.460981343269348145e+03
7.462205720424652100e+03
7.460318264484405518e+03
7.460050547599792480e+03
7.460825526714324951e+03
7.462041427612304688e+03
7.464765923976898193e+03
7.463004155158996582e+03
7.461496446132659912e+03
7.464173542022705078e+03
7.461994077682495117e+03
7.460718866825103760e+03
7.461554373741149902e+03
7.462396129608154297e+03
7.461888573646545410e+03
7.461552963256835938e+03
7.463808342456817627e+03
7.463855686187744141e+03
7.463217034816741943e+03
7.461743486404418945e+03
7.462583510398864746e+03
7.463368380546569824e+03
7.462464997291564941e+03
7.462749330043792725e+03
7.463493863582611084e+03
7.461916804790496826e+03
7.462217717647552490e+03
7.462768925189971924e+03
7.462121068954467773e+03
7.462832653999328613e+03
7.462971658706665039e+03
7.461468504905700684e+03
7.461957841396331787e+03
7.463146239280700684e+03
7.461716232299804688e+03
7.461764804363250732e+03
7.462417833328247070e+03
7.461122123718261719e+03
7.462024217128753662e+03
7.461170266628265381e+03
7.462092477798461914e+03
7.462463462829589844e+03
7.464293953895568848e+03
7.463060850143432617e+03
7.461460823535919189e+03
7.463979537963867188e+03
7.463381661891937256e+03
7.462526323318481445e+03
7.463251228332519531e+03
7.462489302635192871e+03
7.462950006961822510e+03
7.461519313335418701e+03
7.462555123805999756e+03
7.462546254634857178e+03
7.463221604824066162e+03
7.461786524295806885e+03
7.462775936126708984e+03
7.462356709003448486e+03
7.462411644935607910e+03
7.463359187126159668e+03
7.462483429908752441e+03
7.464461205005645752e+03
7.462515882492065430e+03
7.463194869041442871e+03
7.462187657833099365e+03
7.463663046836853027e+03
7.462359137058258057e+03
7.463753859519958496e+03
7.462577536582946777e+03
7.463657830238342285e+03
7.463060945510864258e+03
7.464096391677856445e+03
7.462703208446502686e+03
7.461085634708404541e+03
7.462751969814300537e+03
7.463085522174835205e+03
7.463159074783325195e+03
7.462808587551116943e+03
7.461580296516418457e+03
7.463747611999511719e+03
7.462485942363739014e+03
7.462349217414855957e+03
7.462459502696990967e+03
7.462590713024139404e+03
7.462608002662658691e+03
7.462683545112609863e+03
7.461393718719482422e+03
7.462993257999420166e+03
7.462681055068969727e+03
7.464260883331298828e+03
7.463005842685699463e+03
7.463209930896759033e+03
7.460769911766052246e+03
7.462580726623535156e+03
7.461826178073883057e+03
7.461687944412231445e+03
7.462576148509979248e+03
7.462101730823516846e+03
7.463300467014312744e+03
7.462936367034912109e+03
7.463752932071685791e+03
7.462793808460235596e+03
7.463173501968383789e+03
7.462363133430480957e+03
7.461970389366149902e+03
7.462977867603302002e+03
7.462979373455047607e+03
7.463120026588439941e+03
7.462955454349517822e+03
7.462681063175201416e+03
7.462638841152191162e+03
7.462123324394226074e+03
7.461967288970947266e+03
7.461876192569732666e+03
7.463461694717407227e+03
7.460657385826110840e+03
7.462531146526336670e+03
7.461928838253021240e+03
7.462844788551330566e+03
7.460829678058624268e+03
7.461613504886627197e+03
7.462533915042877197e+03
7.461169509887695312e+03
7.461982708930969238e+03
7.461309689521789551e+03
7.461026941299438477e+03
7.461822104454040527e+03
7.462021508693695068e+03
7.462873918533325195e+03
7.462070161819458008e+03
7.461000906467437744e+03
7.462761397361755371e+03
7.461777239322662354e+03
7.461056005001068115e+03
7.463638975620269775e+03
7.461560292720794678e+03
7.461745106697082520e+03
7.462793866157531738e+03
7.461920094013214111e+03
7.462377574443817139e+03
7.461415809154510498e+03
7.461383442878723145e+03
7.461166971683502197e+03
7.462309437751770020e+03
7.462696193695068359e+03
7.461211862087249756e+03
7.461420906066894531e+03
7.461186854839324951e+03
7.461785054683685303e+03
7.462660362243652344e+03
7.462105744361877441e+03
7.461861615180969238e+03
7.460785183429718018e+03
7.462999387264251709e+03
7.461761076450347900e+03
7.462566818237304688e+03
7.461585154533386230e+03
7.462207452774047852e+03
7.462070035457611084e+03
7.461143875598907471e+03
7.462203485488891602e+03
7.460896174907684326e+03
7.460650599002838135e+03
7.461530645847320557e+03
7.462789307117462158e+03
7.462033405303955078e+03
7.463171484947204590e+03
7.461635481834411621e+03
7.462534896850585938e+03
7.462984355449676514e+03
7.461605702400207520e+03
7.463896732807159424e+03
7.461629838943481445e+03
7.463595880031585693e+03
7.462056969642639160e+03
7.462750386238098145e+03
7.461929939746856689e+03
7.463186830997467041e+03
7.462527112483978271e+03
7.462263907909393311e+03
7.464037806987762451e+03
7.462640222072601318e+03
7.463471526145935059e+03
7.461541114330291748e+03
7.462899842262268066e+03
7.462499258041381836e+03
7.463555618286132812e+03
7.462275437355041504e+03
7.462250074386596680e+03
7.460617232799530029e+03
7.463852520942687988e+03
7.461920224666595459e+03
7.462811023712158203e+03
7.462493849754333496e+03
7.461916236400604248e+03
7.461849650859832764e+03
7.462306616783142090e+03
7.461826377391815186e+03
7.463033957004547119e+03
7.462166014194488525e+03
7.462043105602264404e+03
7.462635169029235840e+03
7.461837351799011230e+03
7.462442858219146729e+03
7.461345382213592529e+03
7.462930684089660645e+03
7.462556995391845703e+03
7.460733361244201660e+03
7.461517929553985596e+03
7.461098452568054199e+03
7.462237754344940186e+03
7.462216106891632080e+03
7.462827480316162109e+03
7.462627258300781250e+03
7.462544306278228760e+03
7.462146259784698486e+03
7.462260845184326172e+03
7.462019476413726807e+03
7.461510324001312256e+03
7.462039282321929932e+03
7.461156967163085938e+03
7.462508372783660889e+03
7.462399933338165283e+03
7.463646572113037109e+03
7.461703424930572510e+03
7.462152641296386719e+03
7.462403653621673584e+03
7.461821550846099854e+03
7.462844297409057617e+03
7.461638546466827393e+03
7.461857275962829590e+03
7.462751193523406982e+03
7.462550195693969727e+03
7.462510218143463135e+03
7.461878558635711670e+03
7.461618381977081299e+03
7.461384850502014160e+03
7.461245167732238770e+03
7.461414632320404053e+03
7.461473278522491455e+03
7.462976120948791504e+03
7.461956149578094482e+03
7.462295826435089111e+03
7.462025944232940674e+03
7.463641626358032227e+03
7.460649052143096924e+03
7.462124051094055176e+03
7.460826562404632568e+03
7.462538485050201416e+03
7.462458727359771729e+03
7.462050073623657227e+03
7.462526186466217041e+03
7.462050526618957520e+03
7.461052273273468018e+03
7.461883680820465088e+03
7.461425242424011230e+03
7.463280829906463623e+03
7.461811745643615723e+03
7.462357837200164795e+03
7.460960507869720459e+03
7.461475150585174561e+03
7.460963384151458740e+03
7.461708311080932617e+03
7.462697625637054443e+03
7.463059559345245361e+03
7.464329853057861328e+03
7.463194796085357666e+03
7.461575333595275879e+03
7.461693956851959229e+03
7.462086926937103271e+03
7.461881752014160156e+03
7.463109560489654541e+03
7.462805760383605957e+03
7.463207576751708984e+03
7.461867734432220459e+03
7.463104773998260498e+03
7.461837755203247070e+03
7.463001729965209961e+03
7.463311333179473877e+03
7.461372562885284424e+03
7.462515069007873535e+03
7.463178124427795410e+03
7.464432778358459473e+03
7.462800814628601074e+03
7.461821274757385254e+03
7.463616537570953369e+03
7.462906741619110107e+03
7.462659692287445068e+03
7.463100842952728271e+03
7.463471190929412842e+03
7.461458515167236328e+03
7.462790780544281006e+03
7.462594713211059570e+03
7.461628592491149902e+03
7.462068310260772705e+03
7.462232365131378174e+03
7.463248750209808350e+03
7.461646128654479980e+03
7.464401267051696777e+03
7.462304193019866943e+03
7.461763613700866699e+03
7.461784216403961182e+03
7.463011837005615234e+03
7.462719213008880615e+03
7.461452472686767578e+03
7.462668533802032471e+03
7.464536024093627930e+03
7.460500460624694824e+03
7.461748907089233398e+03
7.461297234058380127e+03
7.462504874706268311e+03
7.462105603218078613e+03
7.460790465354919434e+03
7.461718068122863770e+03
7.463360140323638916e+03
7.463969633579254150e+03
7.463671304225921631e+03
7.462922944545745850e+03
7.460122392177581787e+03
7.462534080505371094e+03
7.463239855766296387e+03
7.461799329280853271e+03
7.461358284950256348e+03
7.462157574653625488e+03
7.462357035160064697e+03
7.462221314430236816e+03
7.462670747280120850e+03
7.461401873588562012e+03
7.461965581893920898e+03
7.462257011413574219e+03
7.463062358379364014e+03
7.461713114261627197e+03
7.462505784988403320e+03
7.463664005756378174e+03
7.463007751941680908e+03
7.464834090232849121e+03
7.461862524986267090e+03
7.463195881843566895e+03
7.462316629409790039e+03
7.462751680374145508e+03
7.462728762626647949e+03
7.463368390083312988e+03
7.461957279205322266e+03
7.463641262054443359e+03
7.462612906932830811e+03
7.461024098396301270e+03
7.462766987323760986e+03
7.460627328872680664e+03
7.461233905792236328e+03
7.462147135734558105e+03
7.463225859642028809e+03
7.462706601142883301e+03
7.463126225948333740e+03
7.463372610092163086e+03
7.460973884582519531e+03
7.464033508777618408e+03
7.462946665763854980e+03
7.462811030864715576e+03
7.463255005836486816e+03
7.462998962879180908e+03
7.463770510196685791e+03
7.463760988712310791e+03
7.464584084987640381e+03
7.463627675056457520e+03
7.463405844688415527e+03
7.463270321369171143e+03
7.464268010139465332e+03
7.462175549030303955e+03
7.461667962551116943e+03
7.463435452938079834e+03
7.464532044410705566e+03
7.462651413917541504e+03
7.463828461170196533e+03
7.462966883182525635e+03
7.462043529987335205e+03
7.461332682132720947e+03
7.463352820396423340e+03
7.463642709255218506e+03
7.463597608089447021e+03
7.463029432296752930e+03
7.462364262580871582e+03
7.462641380786895752e+03
7.460537580013275146e+03
7.461528437614440918e+03
7.464051663398742676e+03
7.461849612236022949e+03
7.463638530254364014e+03
7.463728728771209717e+03
7.461608761787414551e+03
7.461360099792480469e+03
7.462452982902526855e+03
7.462821766376495361e+03
7.461703267097473145e+03
7.462130692005157471e+03
7.462182934284210205e+03
7.463362935543060303e+03
7.462374859333038330e+03
7.462582541465759277e+03
7.462376359462738037e+03
7.462466330528259277e+03
7.462742091655731201e+03
7.462024713993072510e+03
7.461691808223724365e+03
7.461791347980499268e+03
7.460995597362518311e+03
7.460753996372222900e+03
7.461805064201354980e+03
7.462697353839874268e+03
7.463612090110778809e+03
7.461702742576599121e+03
7.463281753063201904e+03
7.462160744190216064e+03
7.462022895336151123e+03
7.462668292999267578e+03
7.462983578205108643e+03
7.462534710884094238e+03
7.462137675762176514e+03
7.463776749134063721e+03
7.461668230056762695e+03
7.462849656581878662e+03
7.461223096847534180e+03
7.461018236637115479e+03
7.462865648269653320e+03
7.463113875865936279e+03
7.462689942359924316e+03
7.462372021675109863e+03
7.462134012699127197e+03
7.462478304386138916e+03
7.461657001018524170e+03
7.462405019760131836e+03
7.462627022266387939e+03
7.463787000656127930e+03
7.463228828430175781e+03
7.462054100513458252e+03
7.461833659172058105e+03
7.462908637523651123e+03
7.462459129333496094e+03
7.463218779087066650e+03
7.463475883960723877e+03
7.462749205112457275e+03
7.464768004894256592e+03
7.462312605857849121e+03
7.461775965213775635e+03
7.462888755321502686e+03
7.461679385185241699e+03
7.463562518119812012e+03
7.463339963436126709e+03
7.461897467136383057e+03
7.462338857650756836e+03
7.461136180877685547e+03
7.462899339199066162e+03
7.460287008762359619e+03
7.464157618045806885e+03
7.460685544490814209e+03
7.462808246612548828e+03
7.462011217594146729e+03
7.464991275310516357e+03
7.462849627017974854e+03
7.463587511062622070e+03
7.463253333091735840e+03
7.462431128501892090e+03
7.463285625934600830e+03
7.463540375232696533e+03
7.462030818462371826e+03
7.463357354640960693e+03
7.462270988941192627e+03
7.461654421806335449e+03
7.461627277374267578e+03
7.463029199600219727e+03
7.461015771389007568e+03
7.463333684444427490e+03
7.462114529609680176e+03
7.461655659198760986e+03
7.461506096363067627e+03
7.462747237205505371e+03
7.460475619316101074e+03
7.462339805126190186e+03
7.461555526256561279e+03
7.463176402568817139e+03
7.461777101516723633e+03
7.462835379123687744e+03
7.463064235687255859e+03
7.462019062519073486e+03
7.462841949462890625e+03
7.460746461391448975e+03
7.460768283367156982e+03
7.461811213970184326e+03
7.461609856605529785e+03
7.461076711654663086e+03
7.462858192443847656e+03
7.461770136833190918e+03
7.462843830585479736e+03
7.461896955013275146e+03
7.460898765087127686e+03
7.463775079727172852e+03
7.461090750217437744e+03
7.462278214454650879e+03
7.463151314735412598e+03
7.461672464847564697e+03
7.463452306747436523e+03
7.462425144195556641e+03
7.462974515438079834e+03
7.462393344402313232e+03
7.460849398136138916e+03
7.462006080150604248e+03
7.461612677097320557e+03
7.462233541488647461e+03
7.462893431663513184e+03
7.461550293922424316e+03
7.461897664546966553e+03
7.461733956813812256e+03
7.462329388141632080e+03
7.462006441116333008e+03
7.461573467731475830e+03
7.463292661666870117e+03
7.463461790084838867e+03
7.462111991882324219e+03
7.461914021492004395e+03
7.462031265258789062e+03
7.464019340991973877e+03
7.462017605304718018e+03
7.460770346164703369e+03
7.462279458522796631e+03
7.461445162773132324e+03
7.461882057666778564e+03
7.461938075065612793e+03
7.462599334716796875e+03
7.462960723400115967e+03
7.460991569042205811e+03
7.462232540607452393e+03
7.462036876678466797e+03
7.463993148326873779e+03
7.463647253036499023e+03
7.463662715435028076e+03
7.461693976402282715e+03
7.463293606758117676e+03
7.461929454326629639e+03
7.462534281253814697e+03
7.463677078723907471e+03
7.464403615951538086e+03
7.462263020038604736e+03
7.463886372089385986e+03
7.463473670959472656e+03
7.462610466003417969e+03
7.463116150379180908e+03
7.463815622329711914e+03
7.461919548511505127e+03
7.462985952854156494e+03
7.463566543579101562e+03
7.461334079742431641e+03
7.464450540542602539e+03
7.462792188167572021e+03
7.461918410301208496e+03
7.463710013389587402e+03
7.463214119911193848e+03
7.462900973796844482e+03
7.462056680679321289e+03
7.462268301963806152e+03
7.462371870040893555e+03
7.463398827075958252e+03
7.462350510597229004e+03
7.462383563041687012e+03
7.463461691379547119e+03
7.461815937042236328e+03
7.463633174896240234e+03
7.461394105911254883e+03
7.461988827228546143e+03
7.462136960506439209e+03
7.461717184066772461e+03
7.462576782226562500e+03
7.462159951686859131e+03
7.463282917022705078e+03
7.462959159374237061e+03
7.461694628715515137e+03
7.461593243122100830e+03
7.459405828475952148e+03
7.461642202377319336e+03
7.462166788101196289e+03
7.461522171974182129e+03
7.461644319534301758e+03
7.462208409786224365e+03
7.462241100311279297e+03
7.463164812564849854e+03
7.463120264053344727e+03
7.461654242038726807e+03
7.462979979515075684e+03
7.463724761486053467e+03
7.461635421752929688e+03
7.462932326316833496e+03
7.462115444660186768e+03
7.462740387439727783e+03
7.462034295082092285e+03
7.461938998699188232e+03
7.461595134735107422e+03
7.461415842533111572e+03
7.463554257392883301e+03
7.463143726825714111e+03
7.462870213508605957e+03
7.461200445652008057e+03
7.461567987442016602e+03
7.463347780227661133e+03
7.464588791847229004e+03
7.462097789764404297e+03
7.463427052974700928e+03
7.461791300773620605e+03
7.462923957347869873e+03
7.461500800609588623e+03
7.463167452812194824e+03
7.462172690868377686e+03
7.462181252002716064e+03
7.462337357044219971e+03
7.462602443695068359e+03
7.462891964435577393e+03
7.462567712783813477e+03
7.463490266323089600e+03
7.462384108543395996e+03
7.461734826087951660e+03
7.464181196689605713e+03
7.462721717357635498e+03
7.462842426300048828e+03
7.463053612709045410e+03
7.462471541881561279e+03
7.461956535339355469e+03
7.461612353324890137e+03
7.463033164978027344e+03
7.462062902450561523e+03
7.462598918914794922e+03
7.462795144557952881e+03
7.462187568187713623e+03
7.461977976799011230e+03
7.464208857059478760e+03
7.463587141036987305e+03
7.462724763870239258e+03
7.463388951301574707e+03
7.462963756561279297e+03
7.463244571685791016e+03
7.464395036220550537e+03
7.462358355045318604e+03
7.463329988956451416e+03
7.462842895030975342e+03
7.462534859657287598e+03
7.462604509353637695e+03
7.462929663181304932e+03
7.463448949337005615e+03
7.463391658782958984e+03
7.462040479183197021e+03
7.462192915439605713e+03
7.461097845077514648e+03
7.462263589382171631e+03
7.463253448009490967e+03
7.462218670368194580e+03
7.461513004302978516e+03
7.463567772388458252e+03
7.463282713890075684e+03
7.464427434444427490e+03
7.463519344806671143e+03
7.464263073444366455e+03
7.463044073581695557e+03
7.462618174552917480e+03
7.462698997497558594e+03
7.464189189434051514e+03
7.462405529975891113e+03
7.463040102481842041e+03
7.462175846099853516e+03
7.462732566833496094e+03
7.460809556484222412e+03
7.462079501152038574e+03
7.463612676143646240e+03
7.463441780567169189e+03
7.462192574977874756e+03
7.463500518798828125e+03
7.462162967681884766e+03
7.462700462341308594e+03
7.461695932865142822e+03
7.463284682750701904e+03
7.462362457275390625e+03
7.463543636798858643e+03
7.462278504371643066e+03
7.461689928531646729e+03
7.462280138015747070e+03
7.465107127666473389e+03
7.461354979515075684e+03
7.461860100269317627e+03
7.462754611968994141e+03
7.462806998252868652e+03
7.462999847888946533e+03
7.461769578456878662e+03
7.462591742515563965e+03
7.463670917034149170e+03
7.462588484287261963e+03
7.463145562648773193e+03
7.462826832294464111e+03
7.461128278732299805e+03
7.463949225425720215e+03
7.462744242668151855e+03
7.463956945419311523e+03
7.463148249626159668e+03
7.462466739654541016e+03
7.462601329803466797e+03
7.461437773227691650e+03
7.462269969463348389e+03
7.461717330932617188e+03
7.462534472942352295e+03
7.463479689121246338e+03
7.461957600593566895e+03
7.461713444709777832e+03
7.462741774082183838e+03
7.462763315677642822e+03
7.464020414352416992e+03
7.461720497131347656e+03
7.462536450386047363e+03
7.462616322994232178e+03
7.463335344314575195e+03
7.462773483276367188e+03
7.461168372154235840e+03
7.462648270130157471e+03
7.465456880092620850e+03
7.461674804210662842e+03
7.462670875072479248e+03
7.462992500782012939e+03
7.462948607921600342e+03
7.463647706031799316e+03
7.462621918678283691e+03
7.461263384819030762e+03
7.460557781696319580e+03
7.462737284660339355e+03
7.461866398334503174e+03
7.464821025848388672e+03
7.462678963661193848e+03
7.462573339939117432e+03
7.462919826030731201e+03
7.459995594978332520e+03
7.461894126415252686e+03
7.463434736728668213e+03
7.463669622898101807e+03
7.462117603778839111e+03
7.462830091476440430e+03
7.464631136417388916e+03
7.463344061851501465e+03
7.461877738475799561e+03
7.463902729034423828e+03
7.464189389705657959e+03
7.462479311466217041e+03
7.463127716541290283e+03
7.464063742637634277e+03
7.462613238334655762e+03
7.463123664855957031e+03
7.463944859027862549e+03
7.463921792984008789e+03
7.462147295951843262e+03
7.462644751548767090e+03
7.461272154808044434e+03
7.463417732715606689e+03
7.463214582443237305e+03
7.461124707221984863e+03
7.463204631805419922e+03
7.462305622577667236e+03
7.462598202228546143e+03
7.461755527496337891e+03
7.461328181743621826e+03
7.462064960002899170e+03
7.462501885414123535e+03
7.463684665679931641e+03
7.463839175224304199e+03
7.463159550666809082e+03
7.462130009174346924e+03
7.461456172943115234e+03
7.461970296859741211e+03
7.462928624153137207e+03
7.463033040523529053e+03
7.460730811595916748e+03
7.462058125972747803e+03
7.461948684692382812e+03
7.462753982543945312e+03
7.462786297798156738e+03
7.463087478160858154e+03
7.462856411457061768e+03
7.461353437423706055e+03
7.461757688522338867e+03
7.462112559795379639e+03
7.462537527084350586e+03
7.461551813602447510e+03
7.461388335227966309e+03
7.461644460678100586e+03
7.462398811817169189e+03
7.462312078475952148e+03
7.462584044456481934e+03
7.462070959568023682e+03
7.462532961845397949e+03
7.463140314579010010e+03
7.462061461925506592e+03
7.461666777610778809e+03
7.462713396549224854e+03
7.462985778331756592e+03
7.461287434101104736e+03
7.461754856109619141e+03
7.461860489845275879e+03
7.461394953250885010e+03
7.462330961227416992e+03
7.461845975399017334e+03
7.462358513355255127e+03
7.463590357303619385e+03
7.462542779922485352e+03
7.463067836284637451e+03
7.464355171680450439e+03
7.461914493560791016e+03
7.462918826103210449e+03
7.465030792713165283e+03
7.464322493076324463e+03
7.463645689964294434e+03
7.462345421791076660e+03
7.462993288993835449e+03
7.463414512634277344e+03
7.462298912048339844e+03
7.461280754089355469e+03
7.463512624263763428e+03
7.464338169097900391e+03
7.461651664733886719e+03
7.464018869400024414e+03
7.463025591850280762e+03
7.463209680080413818e+03
7.463141905784606934e+03
7.464170776844024658e+03
7.463436761856079102e+03
7.462624549388885498e+03
7.461698620319366455e+03
7.463411183834075928e+03
7.463993436813354492e+03
7.463864221096038818e+03
7.462170307159423828e+03
7.464210929870605469e+03
7.462278206825256348e+03
7.463604763507843018e+03
7.462800328254699707e+03
7.461555558681488037e+03
7.463889668941497803e+03
7.463132987022399902e+03
7.462160097599029541e+03
7.462919025421142578e+03
7.463702877044677734e+03
7.461755179882049561e+03
7.463069444656372070e+03
7.461513081550598145e+03
7.462297904491424561e+03
7.462817371845245361e+03
7.462232664108276367e+03
7.462395955562591553e+03
7.461169620990753174e+03
7.462232259750366211e+03
7.462168148994445801e+03
7.461744780540466309e+03
7.462519076347351074e+03
7.463669998645782471e+03
7.462515242099761963e+03
7.462674885749816895e+03
7.464589479923248291e+03
7.462015836715698242e+03
7.461987132549285889e+03
7.462992511749267578e+03
7.463831220626831055e+03
7.463001899719238281e+03
7.462467302322387695e+03
7.463996954917907715e+03
7.461785587310791016e+03
7.463178989887237549e+03
7.462581692218780518e+03
7.463961146354675293e+03
7.462049200534820557e+03
7.463824849605560303e+03
7.463264413833618164e+03
7.462614666461944580e+03
7.462651075839996338e+03
7.463038870334625244e+03
7.463982939243316650e+03
7.464762668609619141e+03
7.463426759719848633e+03
7.462598001480102539e+03
7.462775961875915527e+03
7.463825527667999268e+03
7.462510106086730957e+03
7.463131177425384521e+03
7.463584448337554932e+03
7.462217837333679199e+03
7.463299462318420410e+03
7.463119585990905762e+03
7.463284531593322754e+03
7.465025566577911377e+03
7.463302954673767090e+03
7.463950301647186279e+03
7.462183153152465820e+03
7.462287038803100586e+03
7.464373878479003906e+03
7.464385659694671631e+03
7.463375412464141846e+03
7.464445081710815430e+03
7.461067679405212402e+03
7.462251043796539307e+03
7.463267575740814209e+03
7.463427163124084473e+03
7.463597688674926758e+03
7.462904606342315674e+03
7.464726696491241455e+03
7.463335801601409912e+03
7.463654055595397949e+03
7.462352802753448486e+03
7.464062281131744385e+03
7.462854587078094482e+03
7.464892830371856689e+03
7.463459486007690430e+03
7.463446289062500000e+03
7.463570904254913330e+03
7.464109315872192383e+03
7.462786300659179688e+03
7.461909948825836182e+03
7.464160016536712646e+03
7.461621137619018555e+03
7.464322402477264404e+03
7.461698419570922852e+03
7.464155530929565430e+03
7.464588911533355713e+03
7.462931357860565186e+03
7.463403400421142578e+03
7.465360501766204834e+03
7.463769090175628662e+03
7.463672060489654541e+03
7.465145271301269531e+03
7.463954178810119629e+03
7.465370303153991699e+03
7.462054672241210938e+03
7.461472084045410156e+03
7.462789245128631592e+03
7.464830366134643555e+03
7.462588785171508789e+03
7.465260654449462891e+03
7.462433621883392334e+03
7.464674644470214844e+03
7.464044893741607666e+03
7.464925526618957520e+03
7.464311726570129395e+03
7.463937817096710205e+03
7.463604832649230957e+03
7.463064044952392578e+03
7.464062984943389893e+03
7.464635357856750488e+03
7.462333856582641602e+03
7.463936007022857666e+03
7.462544578552246094e+03
7.465275373935699463e+03
7.464140874385833740e+03
7.464591265678405762e+03
7.462686476230621338e+03
7.463761715412139893e+03
7.463424215793609619e+03
7.463006319999694824e+03
7.463471594333648682e+03
7.465228156089782715e+03
7.463511514663696289e+03
7.463399399757385254e+03
