8.010485056877136230e+03
7.595752365112304688e+03
7.483316777706146240e+03
7.452943172454833984e+03
7.412653926849365234e+03
7.380709304332733154e+03
7.328460047245025635e+03
7.307267829895019531e+03
7.296710722208023071e+03
7.286629633903503418e+03
7.273705307483673096e+03
7.225766645431518555e+03
7.259000046253204346e+03
7.258589628219604492e+03
7.201844554901123047e+03
7.278335148334503174e+03
7.235350231885910034e+03
7.240404775619506836e+03
7.252123038291931152e+03
7.271412346363067627e+03
7.232556393146514893e+03
7.287252584934234619e+03
7.265368060350418091e+03
7.299661276340484619e+03
7.321502012491226196e+03
7.362128800868988037e+03
7.358283423900604248e+03
7.348532056808471680e+03
7.340481283664703369e+03
7.380007206439971924e+03
7.370966618299484253e+03
7.385658512592315674e+03
7.373426743507385254e+03
7.400611612319946289e+03
7.405663509607315063e+03
7.381689744710922241e+03
7.383860548496246338e+03
7.370322881460189819e+03
7.406185413837432861e+03
7.396914265871047974e+03
7.392485449075698853e+03
7.406869192123413086e+03
7.406927727699279785e+03
7.405881745338439941e+03
7.423012069463729858e+03
7.404874976158142090e+03
7.399864582061767578e+03
7.412232608556747437e+03
7.378041385173797607e+03
7.408340187788009644e+03
7.390347245216369629e+03
7.387977226734161377e+03
7.395351577043533325e+03
7.393334307670593262e+03
7.405367058753967285e+03
7.409114176034927368e+03
7.411335637331008911e+03
7.420434624433517456e+03
7.406011074781417847e+03
7.411076984882354736e+03
7.406861783504486084e+03
7.410391932010650635e+03
7.408657888889312744e+03
7.400939620971679688e+03
7.418741277694702148e+03
7.413705536842346191e+03
7.414685764312744141e+03
7.394835066795349121e+03
7.415903697490692139e+03
7.415227180004119873e+03
7.411089745998382568e+03
7.410603144168853760e+03
7.415249869823455811e+03
7.397290540456771851e+03
7.402029014587402344e+03
7.406903250217437744e+03
7.397172057628631592e+03
7.394298000335693359e+03
7.407363676071166992e+03
7.416332854270935059e+03
7.394874903440475464e+03
7.411406203269958496e+03
7.409395020008087158e+03
7.413275203943252563e+03
7.418717226982116699e+03
7.418508866071701050e+03
7.413014104366302490e+03
7.422389582395553589e+03
7.415173503875732422e+03
7.421994854927062988e+03
7.415285971641540527e+03
7.426929330348968506e+03
7.425990578174591064e+03
7.428107467651367188e+03
7.433976697206497192e+03
7.432193852424621582e+03
7.434671590089797974e+03
7.429845161437988281e+03
7.426406472206115723e+03
7.425887592315673828e+03
7.432387737751007080e+03
7.425877881526947021e+03
7.425531538724899292e+03
7.424430735588073730e+03
7.427316912174224854e+03
7.428126226663589478e+03
7.419245803833007812e+03
7.430791708469390869e+03
7.429068963050842285e+03
7.428813945770263672e+03
7.428313216209411621e+03
7.426635803222656250e+03
7.425412261962890625e+03
7.422558692932128906e+03
7.430149391174316406e+03
7.423738894462585449e+03
7.431063196897506714e+03
7.429379369735717773e+03
7.433971971988677979e+03
7.427052882671356201e+03
7.425731324195861816e+03
7.434871594429016113e+03
7.438901363611221313e+03
7.430619456291198730e+03
7.424441413402557373e+03
7.429264270305633545e+03
7.433809254646301270e+03
7.434275421142578125e+03
7.431933417797088623e+03
7.430969445228576660e+03
7.438578495025634766e+03
7.434881668567657471e+03
7.434349051475524902e+03
7.435553182601928711e+03
7.430604899406433105e+03
7.425646573066711426e+03
7.430465715408325195e+03
7.430176495075225830e+03
7.429275484085083008e+03
7.436017293453216553e+03
7.432274139165878296e+03
7.432998199701309204e+03
7.431512463092803955e+03
7.431002136707305908e+03
7.432058235168457031e+03
7.436077344417572021e+03
7.433943392753601074e+03
7.433893164157867432e+03
7.432329495429992676e+03
7.434817281723022461e+03
7.431507807493209839e+03
7.432618266820907593e+03
7.427419230937957764e+03
7.432381488561630249e+03
7.430237003803253174e+03
7.429945966243743896e+03
7.430496455192565918e+03
7.426432613849639893e+03
7.435060681819915771e+03
7.428043961048126221e+03
7.431676666736602783e+03
7.433793215274810791e+03
7.430461450815200806e+03
7.436235643386840820e+03
7.433890826940536499e+03
7.437889815807342529e+03
7.434225190639495850e+03
7.433478758811950684e+03
7.431414141178131104e+03
7.435649280548095703e+03
7.435219421863555908e+03
7.433243890285491943e+03
7.429251603126525879e+03
7.432329547405242920e+03
7.430099797248840332e+03
7.423697345972061157e+03
7.428409936904907227e+03
7.422129008531570435e+03
7.420759511947631836e+03
7.424291800498962402e+03
7.427037554740905762e+03
7.423199795961380005e+03
7.431292515754699707e+03
7.432387158870697021e+03
7.434975262165069580e+03
7.432720827102661133e+03
7.433500167369842529e+03
7.426457165241241455e+03
7.422950045824050903e+03
7.425122315883636475e+03
7.431182072162628174e+03
7.433367031097412109e+03
7.425267628192901611e+03
7.431000832557678223e+03
7.436931439399719238e+03
7.427160590171813965e+03
7.426629902601242065e+03
7.427919600963592529e+03
7.431627422809600830e+03
7.428299141883850098e+03
7.432740148544311523e+03
7.432120261669158936e+03
7.434147843599319458e+03
7.430817811965942383e+03
7.427378159284591675e+03
7.428710314989089966e+03
7.431480722665786743e+03
7.431247282505035400e+03
7.429350154876708984e+03
7.432947550773620605e+03
7.434464836120605469e+03
7.433090253353118896e+03
7.426267941951751709e+03
7.429146901845932007e+03
7.430426447153091431e+03
7.435049905776977539e+03
7.436836843252182007e+03
7.434338312149047852e+03
7.430917436122894287e+03
7.435081864833831787e+03
7.437125615596771240e+03
7.444973312854766846e+03
7.437383622646331787e+03
7.439441584110260010e+03
7.446422184467315674e+03
7.435102080345153809e+03
7.432834772586822510e+03
7.429269428253173828e+03
7.432723428964614868e+03
7.436945610046386719e+03
7.436055149078369141e+03
7.431739171028137207e+03
7.430492105960845947e+03
7.436363204956054688e+03
7.441813404560089111e+03
7.431500019073486328e+03
7.427656861782073975e+03
7.435564578533172607e+03
7.435927819252014160e+03
7.440387715339660645e+03
7.433839166641235352e+03
7.440023568630218506e+03
7.435727017402648926e+03
7.434666205406188965e+03
7.429505186080932617e+03
7.431940140724182129e+03
7.429939671516418457e+03
7.425377369642257690e+03
7.432729960441589355e+03
7.427133879184722900e+03
7.429762903213500977e+03
7.428555183172225952e+03
7.429292782783508301e+03
7.430993572711944580e+03
7.423068879127502441e+03
7.429168224334716797e+03
7.431331122398376465e+03
7.433131342411041260e+03
7.433282712459564209e+03
7.433471915721893311e+03
7.431136985778808594e+03
7.428496941089630127e+03
7.429693234920501709e+03
7.429629045009613037e+03
7.431726217269897461e+03
7.432948184490203857e+03
7.439400398492813110e+03
7.438834599018096924e+03
7.434120122671127319e+03
7.428410810947418213e+03
7.431250711679458618e+03
7.431375403881072998e+03
7.433221711158752441e+03
7.435027708053588867e+03
7.434447821617126465e+03
7.432967700004577637e+03
7.432889009475708008e+03
7.429030411243438721e+03
7.432176499843597412e+03
7.436267878055572510e+03
7.433776247024536133e+03
7.432746190547943115e+03
7.430300262451171875e+03
7.431793935298919678e+03
7.433005990028381348e+03
7.434169414520263672e+03
7.435261714696884155e+03
7.422799135208129883e+03
7.430556119441986084e+03
7.430402451753616333e+03
7.434079959392547607e+03
7.428480524539947510e+03
7.440543569564819336e+03
7.441328120708465576e+03
7.434373482704162598e+03
7.433995641708374023e+03
7.435014067649841309e+03
7.435770761489868164e+03
7.439789697647094727e+03
7.439046885490417480e+03
7.435660000801086426e+03
7.435342309474945068e+03
7.436697853088378906e+03
7.442121391773223877e+03
7.438131314277648926e+03
7.437740584850311279e+03
7.434169950008392334e+03
7.434721240520477295e+03
7.434705963611602783e+03
7.434763944625854492e+03
7.432247252941131592e+03
7.436624557018280029e+03
7.434732819080352783e+03
7.435523414611816406e+03
7.439072285175323486e+03
7.431424100399017334e+03
7.440004606246948242e+03
7.434755612373352051e+03
7.436868532180786133e+03
7.436991823673248291e+03
7.433663861751556396e+03
7.434820848464965820e+03
7.433599441051483154e+03
7.437909438133239746e+03
7.429369404792785645e+03
7.435564452171325684e+03
7.438362491130828857e+03
7.437790696620941162e+03
7.435935967445373535e+03
7.435230275154113770e+03
7.437101850032806396e+03
7.441333033084869385e+03
7.439134974956512451e+03
7.433999104499816895e+03
7.435496273517608643e+03
7.441970837116241455e+03
7.446622351169586182e+03
7.446303191661834717e+03
7.435048011779785156e+03
7.437305689811706543e+03
7.436947786808013916e+03
7.437749223709106445e+03
7.436477965354919434e+03
7.443567763805389404e+03
7.432749595642089844e+03
7.434936890125274658e+03
7.442055703163146973e+03
7.435847533702850342e+03
7.435677281856536865e+03
7.433970057964324951e+03
7.442411201000213623e+03
7.436961637973785400e+03
7.432138500690460205e+03
7.435946346282958984e+03
7.434456029891967773e+03
7.442817565441131592e+03
7.447198759078979492e+03
7.445884379386901855e+03
7.445554319858551025e+03
7.443991072654724121e+03
7.441267909049987793e+03
7.440563367843627930e+03
7.436140480041503906e+03
7.441031800746917725e+03
7.437083581924438477e+03
7.437632667541503906e+03
7.437575505733489990e+03
7.437370460033416748e+03
7.444391438484191895e+03
7.432121411323547363e+03
7.440829190731048584e+03
7.439379116535186768e+03
7.435335645675659180e+03
7.432423815250396729e+03
7.437395115852355957e+03
7.434412801265716553e+03
7.435551186561584473e+03
7.427931964397430420e+03
7.431101725578308105e+03
7.434907336235046387e+03
7.429640818595886230e+03
7.430513796329498291e+03
7.438190833091735840e+03
7.440058344841003418e+03
7.441675468683242798e+03
7.446853903293609619e+03
7.440661927223205566e+03
7.436518874645233154e+03
7.441735026359558105e+03
7.449113747119903564e+03
7.442594080924987793e+03
7.440562288761138916e+03
7.437818616390228271e+03
7.443793249607086182e+03
7.440102169513702393e+03
7.436653875350952148e+03
7.434979478836059570e+03
7.439063314437866211e+03
7.438932516574859619e+03
7.436056819438934326e+03
7.435732659339904785e+03
7.439698328971862793e+03
7.429747229576110840e+03
7.435176388263702393e+03
7.432412549972534180e+03
7.433870021820068359e+03
7.430368294715881348e+03
7.431685412883758545e+03
7.430754228115081787e+03
7.433895459651947021e+03
7.436087116241455078e+03
7.432991827964782715e+03
7.431603800296783447e+03
7.435674433708190918e+03
7.435915626049041748e+03
7.435419569492340088e+03
7.432076767921447754e+03
7.435546333789825439e+03
7.437866499900817871e+03
7.436310064792633057e+03
7.432965188026428223e+03
7.435119911670684814e+03
7.437555166721343994e+03
7.434137440204620361e+03
7.434166479587554932e+03
7.438437078952789307e+03
7.438774477958679199e+03
7.432459508895874023e+03
7.440440658569335938e+03
7.434453083038330078e+03
7.434007165908813477e+03
7.433581294059753418e+03
7.435214307308197021e+03
7.436468447685241699e+03
7.441679363727569580e+03
7.439706135749816895e+03
7.443503381252288818e+03
7.438018637657165527e+03
7.435336602687835693e+03
7.439169567584991455e+03
7.433616474151611328e+03
7.434991483688354492e+03
7.439771072864532471e+03
7.437192377567291260e+03
7.434951938152313232e+03
7.443331370830535889e+03
7.438980541706085205e+03
7.441361881494522095e+03
7.441877810478210449e+03
7.441606526374816895e+03
7.441654265403747559e+03
7.437522307872772217e+03
7.434963659286499023e+03
7.434414484500885010e+03
7.437258265972137451e+03
7.431555215358734131e+03
7.437504965305328369e+03
7.435499517917633057e+03
7.438215157508850098e+03
7.437363660335540771e+03
7.438278120040893555e+03
7.433338153839111328e+03
7.431528878211975098e+03
7.433760554313659668e+03
7.442548225879669189e+03
7.433797799587249756e+03
7.438668490409851074e+03
7.442558086872100830e+03
7.441868004798889160e+03
7.439252102851867676e+03
7.437288071155548096e+03
7.434667470932006836e+03
7.439588058471679688e+03
7.431312381744384766e+03
7.437607759952545166e+03
7.438678016662597656e+03
7.436254334449768066e+03
7.435271096706390381e+03
7.434298032760620117e+03
7.435773787975311279e+03
7.435038099288940430e+03
7.432043608188629150e+03
7.435580853462219238e+03
7.438023023605346680e+03
7.436157183170318604e+03
7.435649587154388428e+03
7.434217545032501221e+03
7.439249096870422363e+03
7.433274481773376465e+03
7.437589310646057129e+03
7.435791156768798828e+03
7.438009404659271240e+03
7.433788657665252686e+03
7.437889205932617188e+03
7.431588352680206299e+03
7.430226115226745605e+03
7.434380376815795898e+03
7.430911882400512695e+03
7.436741820335388184e+03
7.440726347446441650e+03
7.438744194030761719e+03
7.436115489959716797e+03
7.433573961257934570e+03
7.434186687946319580e+03
7.427790482997894287e+03
7.434282115459442139e+03
7.433635269165039062e+03
7.432864923477172852e+03
7.435836461544036865e+03
7.435601126670837402e+03
7.438227182388305664e+03
7.433602023124694824e+03
7.437587275505065918e+03
7.432082635402679443e+03
7.437343480110168457e+03
7.437106999874114990e+03
7.433528043746948242e+03
7.432744876384735107e+03
7.440579607486724854e+03
7.426267496109008789e+03
7.429603062629699707e+03
7.437656664848327637e+03
7.436922435760498047e+03
7.435260149478912354e+03
7.431597639083862305e+03
7.437414770126342773e+03
7.439299286842346191e+03
7.440792636394500732e+03
7.436911754608154297e+03
7.437780343055725098e+03
7.434279604911804199e+03
7.437001869678497314e+03
7.435284213542938232e+03
7.437903948783874512e+03
7.434998461723327637e+03
7.434368423461914062e+03
7.431020427227020264e+03
7.433937444210052490e+03
7.431525381088256836e+03
7.433513384342193604e+03
7.435978239059448242e+03
7.433115171432495117e+03
7.432176356792449951e+03
7.443725377082824707e+03
7.443193129062652588e+03
7.443990740299224854e+03
7.445102803707122803e+03
7.438192368984222412e+03
7.448940009117126465e+03
7.444027999401092529e+03
7.434171792984008789e+03
7.435532010555267334e+03
7.435858340263366699e+03
7.436428450107574463e+03
7.433312424182891846e+03
7.437748588562011719e+03
7.436473177433013916e+03
7.435573861598968506e+03
7.435573838233947754e+03
7.434036161899566650e+03
7.435555457592010498e+03
7.430870806694030762e+03
7.438659006595611572e+03
7.437360556602478027e+03
7.434382950305938721e+03
7.437325157165527344e+03
7.435775634288787842e+03
7.431564222812652588e+03
7.437752685546875000e+03
7.434777091979980469e+03
7.435490042209625244e+03
7.435966213226318359e+03
7.434569205760955811e+03
7.436541052818298340e+03
7.433111842155456543e+03
7.435208290100097656e+03
7.437767162799835205e+03
7.435042150974273682e+03
7.443790838718414307e+03
7.434795040130615234e+03
7.437038226127624512e+03
7.437915650367736816e+03
7.442515280723571777e+03
7.442427366256713867e+03
7.437110211372375488e+03
7.435174600601196289e+03
7.437947035312652588e+03
7.442154079437255859e+03
7.443768791198730469e+03
7.442588254451751709e+03
7.451168305873870850e+03
7.444998481273651123e+03
7.444372162342071533e+03
7.444743319034576416e+03
7.441850929260253906e+03
7.435982827186584473e+03
7.436053140163421631e+03
7.437274636268615723e+03
7.434168498516082764e+03
7.433830857276916504e+03
7.436473025321960449e+03
7.438696003437042236e+03
7.440008370399475098e+03
7.436142058372497559e+03
7.434660369873046875e+03
7.435327053070068359e+03
7.436605863571166992e+03
7.435622663021087646e+03
7.437603082180023193e+03
7.438649758338928223e+03
7.441641205787658691e+03
7.441946405887603760e+03
7.434162379741668701e+03
7.435222897052764893e+03
7.437620453357696533e+03
7.445407557010650635e+03
7.443832631587982178e+03
7.439061110973358154e+03
7.438983283519744873e+03
7.436510829448699951e+03
7.436049620628356934e+03
7.434126549720764160e+03
7.433301640987396240e+03
7.438944276332855225e+03
7.434039528369903564e+03
7.433837405204772949e+03
7.432480645179748535e+03
7.434893604278564453e+03
7.439174921989440918e+03
7.438523776531219482e+03
7.433586633682250977e+03
7.433022772789001465e+03
7.436544914245605469e+03
7.432309494972229004e+03
7.443074847221374512e+03
7.436001103878021240e+03
7.437626565933227539e+03
7.444951331615447998e+03
7.436312146186828613e+03
7.433196507930755615e+03
7.440309812068939209e+03
7.436116254329681396e+03
7.431420928001403809e+03
7.437178499221801758e+03
7.437429576873779297e+03
7.437595271587371826e+03
7.437575947761535645e+03
7.438923173427581787e+03
7.432474118232727051e+03
7.434058190822601318e+03
7.430527219295501709e+03
7.437193013191223145e+03
7.433391691684722900e+03
7.434840901374816895e+03
7.433810522079467773e+03
7.445028584957122803e+03
7.443954630851745605e+03
7.442553670406341553e+03
7.439055837154388428e+03
7.440813544750213623e+03
7.435680809974670410e+03
7.435996229171752930e+03
7.438809892177581787e+03
7.438379604816436768e+03
7.434572005271911621e+03
7.433489259719848633e+03
7.430985110759735107e+03
7.437307328224182129e+03
7.438951708316802979e+03
7.437901655673980713e+03
7.438380588531494141e+03
7.437140613555908203e+03
7.438610993862152100e+03
7.437685775279998779e+03
7.441655408382415771e+03
7.443211606025695801e+03
7.440079458713531494e+03
7.449551844596862793e+03
7.439000744342803955e+03
7.439423235893249512e+03
7.439125525474548340e+03
7.436491965770721436e+03
7.433735115051269531e+03
7.434627654075622559e+03
7.436960850238800049e+03
7.433789776325225830e+03
7.436096015453338623e+03
7.429226426124572754e+03
7.434210994243621826e+03
7.427760855197906494e+03
7.433440618515014648e+03
7.433979079246520996e+03
7.437860307693481445e+03
7.439251703262329102e+03
7.438460958003997803e+03
7.437211954593658447e+03
7.433682258129119873e+03
7.435416600227355957e+03
7.439926804065704346e+03
7.431658993721008301e+03
7.436479667186737061e+03
7.437720404624938965e+03
7.436369543552398682e+03
7.431255542755126953e+03
7.441099866867065430e+03
7.437127623081207275e+03
7.433969297885894775e+03
7.431570017814636230e+03
7.429400758743286133e+03
7.438140148162841797e+03
7.441893771171569824e+03
7.446659350872039795e+03
7.443363897323608398e+03
7.443703409194946289e+03
7.442774998664855957e+03
7.448666861057281494e+03
7.448177588939666748e+03
7.446679844379425049e+03
7.444339654445648193e+03
7.447268289566040039e+03
7.443274970531463623e+03
7.448609411239624023e+03
7.443230238437652588e+03
7.443101594924926758e+03
7.444987475395202637e+03
7.441678490161895752e+03
7.444354794502258301e+03
7.441384318828582764e+03
7.441887169361114502e+03
7.440477829933166504e+03
7.440268601894378662e+03
7.436717936038970947e+03
7.441075572013854980e+03
7.437293722152709961e+03
7.433604219436645508e+03
7.440753835678100586e+03
7.440991372108459473e+03
7.436779649734497070e+03
7.439406363964080811e+03
7.439367290496826172e+03
7.435716224670410156e+03
7.437755640506744385e+03
7.439463023185729980e+03
7.436978654861450195e+03
7.437552407264709473e+03
7.434011847972869873e+03
7.446394863605499268e+03
7.447877511501312256e+03
7.442465641498565674e+03
7.442613187789916992e+03
7.439865099430084229e+03
7.440065227031707764e+03
7.434232850551605225e+03
7.433834945201873779e+03
7.439141099452972412e+03
7.430363681316375732e+03
7.440311955451965332e+03
7.440014004707336426e+03
7.445100436687469482e+03
7.440244024753570557e+03
7.440467459201812744e+03
7.435448100566864014e+03
7.436348403453826904e+03
7.437367980957031250e+03
7.438118188858032227e+03
7.440820452213287354e+03
7.436081188678741455e+03
7.436674097537994385e+03
7.439880775928497314e+03
7.439446673870086670e+03
7.434412305831909180e+03
7.438756615161895752e+03
7.436791088581085205e+03
7.439199546813964844e+03
7.437040009021759033e+03
7.440585373401641846e+03
7.445960156917572021e+03
7.442057766437530518e+03
7.439249832630157471e+03
7.441948342800140381e+03
7.441794058799743652e+03
7.441905395030975342e+03
7.442532080173492432e+03
7.440643167972564697e+03
7.444213791847229004e+03
7.441909318447113037e+03
7.442581018447875977e+03
7.442569856166839600e+03
7.435971116065979004e+03
7.437800057888031006e+03
7.439301873683929443e+03
7.438282170295715332e+03
7.441665722846984863e+03
7.443597143650054932e+03
7.448966013908386230e+03
7.448440034389495850e+03
7.442376426696777344e+03
7.441573198318481445e+03
7.443276622772216797e+03
7.443233463287353516e+03
7.444223371505737305e+03
7.440746800899505615e+03
7.443321773052215576e+03
7.442674445152282715e+03
7.442632036685943604e+03
7.447140708923339844e+03
7.441445400714874268e+03
7.441202083587646484e+03
7.441366960048675537e+03
7.438839533805847168e+03
7.440051216602325439e+03
7.445155654430389404e+03
7.442999976634979248e+03
7.443985661506652832e+03
7.446957918167114258e+03
7.450475758075714111e+03
7.443650949954986572e+03
7.440728704452514648e+03
7.441247632026672363e+03
7.447225985527038574e+03
7.443883974552154541e+03
7.442015045642852783e+03
7.444001871109008789e+03
7.445836011886596680e+03
7.442778315067291260e+03
7.444515595436096191e+03
7.442183362960815430e+03
7.444499954223632812e+03
7.449797297954559326e+03
7.449394358158111572e+03
7.442985476970672607e+03
7.443398533344268799e+03
7.440696721553802490e+03
7.442051383495330811e+03
7.445026569366455078e+03
7.441848027229309082e+03
7.442218568801879883e+03
7.442883878231048584e+03
7.439968705654144287e+03
7.440195401668548584e+03
7.441432501316070557e+03
7.439089232921600342e+03
7.446822608947753906e+03
7.444278265953063965e+03
7.442873011112213135e+03
7.441219017505645752e+03
7.442643456459045410e+03
7.443624239921569824e+03
7.452080246448516846e+03
7.444105106353759766e+03
7.440759964466094971e+03
7.442431275367736816e+03
7.441572399616241455e+03
7.445181025028228760e+03
7.436851857662200928e+03
7.440178717613220215e+03
7.439872011184692383e+03
7.441895987987518311e+03
7.440764650821685791e+03
7.449378382682800293e+03
7.440633197307586670e+03
7.447818701267242432e+03
7.451938784122467041e+03
7.450387781143188477e+03
7.451125716686248779e+03
7.452399967670440674e+03
7.453355891227722168e+03
7.449686309814453125e+03
7.450587935924530029e+03
7.450112714290618896e+03
7.447888966083526611e+03
7.448516489028930664e+03
7.449595932006835938e+03
7.451158732891082764e+03
7.450167112350463867e+03
7.452347564220428467e+03
7.450227193355560303e+03
7.452024171352386475e+03
7.451621331214904785e+03
7.450691237449645996e+03
7.449206910610198975e+03
7.450557038784027100e+03
7.449689164638519287e+03
7.449365628242492676e+03
7.451704694271087646e+03
7.449565741062164307e+03
7.450361530780792236e+03
7.450416381835937500e+03
7.450026273727416992e+03
7.449837194919586182e+03
7.450016767024993896e+03
7.450587871074676514e+03
7.451658209800720215e+03
7.450612716197967529e+03
7.449193661689758301e+03
7.448971322536468506e+03
7.449818161964416504e+03
7.450030531883239746e+03
7.449400295734405518e+03
7.448882419586181641e+03
7.448082473278045654e+03
7.449017968177795410e+03
7.449526367187500000e+03
7.447974476814270020e+03
7.449808799266815186e+03
7.449734464645385742e+03
7.449473433971405029e+03
7.448856881618499756e+03
7.448304654121398926e+03
7.450363361358642578e+03
7.449558942317962646e+03
7.451607914447784424e+03
7.450303590297698975e+03
7.448594370365142822e+03
7.449466566085815430e+03
7.448793294906616211e+03
7.449627764701843262e+03
7.448730663776397705e+03
7.449932344436645508e+03
7.448338979721069336e+03
7.449494749069213867e+03
7.447902964115142822e+03
7.448535015106201172e+03
7.449221465587615967e+03
7.447502444744110107e+03
7.449796853542327881e+03
7.448371069908142090e+03
7.447952845096588135e+03
7.447671581268310547e+03
7.449854268550872803e+03
7.449216443538665771e+03
7.450204109668731689e+03
7.448542202472686768e+03
7.446759145736694336e+03
7.446023798942565918e+03
7.448913450241088867e+03
7.448929859161376953e+03
7.448953250885009766e+03
7.447120069026947021e+03
7.448505578517913818e+03
7.448948724269866943e+03
7.449720753669738770e+03
7.450439574241638184e+03
7.450415275573730469e+03
7.450673429965972900e+03
7.450794942855834961e+03
7.450197432518005371e+03
7.447621558189392090e+03
7.449891358852386475e+03
7.448902678012847900e+03
7.448699942588806152e+03
7.451494135856628418e+03
7.450730333805084229e+03
7.451206820964813232e+03
7.447211330413818359e+03
7.450495760440826416e+03
7.451394306659698486e+03
7.450846780300140381e+03
7.450097109317779541e+03
7.450456030845642090e+03
7.450065650939941406e+03
7.450165543079376221e+03
7.450067081928253174e+03
7.450943314075469971e+03
7.450694888591766357e+03
7.450576419353485107e+03
7.450911415100097656e+03
7.450948929309844971e+03
7.450310562133789062e+03
7.450921449184417725e+03
7.448785223484039307e+03
7.450317156791687012e+03
7.451611413478851318e+03
7.449878407955169678e+03
7.450222070693969727e+03
7.452538735866546631e+03
7.451009001731872559e+03
7.448730711936950684e+03
7.451471946716308594e+03
7.452356494903564453e+03
7.452361089706420898e+03
7.454590965747833252e+03
7.451701419353485107e+03
7.450953216552734375e+03
7.451613658428192139e+03
7.450082770347595215e+03
7.450159872531890869e+03
7.450176514625549316e+03
7.450063927650451660e+03
7.450888884067535400e+03
7.450433730125427246e+03
7.451486588954925537e+03
7.448954377174377441e+03
7.453279300689697266e+03
7.449449855327606201e+03
7.451501022338867188e+03
7.451922389507293701e+03
7.450559396266937256e+03
7.452552115917205811e+03
7.453248559951782227e+03
