6.133968515396118164e+02
5.315959153175354004e+02
5.579287672042846680e+02
7.047049899101257324e+02
1.197516027450561523e+03
5.839224619865417480e+02
5.372145872116088867e+02
5.753324985504150391e+02
5.559486656188964844e+02
5.396855087280273438e+02
5.298201713562011719e+02
5.297212424278259277e+02
5.298168406486511230e+02
5.299415307044982910e+02
5.297165226936340332e+02
5.297157783508300781e+02
5.601680436134338379e+02
5.297209811210632324e+02
5.566873202323913574e+02
5.326905579566955566e+02
5.297425746917724609e+02
5.298069663047790527e+02
5.297281289100646973e+02
5.297152519226074219e+02
5.297141528129577637e+02
5.297190294265747070e+02
5.297152519226074219e+02
5.297152519226074219e+02
5.297152814865112305e+02
5.297154912948608398e+02
5.297463598251342773e+02
5.881469154357910156e+02
5.297478203773498535e+02
5.297152519226074219e+02
5.297167830467224121e+02
5.297169456481933594e+02
5.297152519226074219e+02
5.297152519226074219e+02
5.297152519226074219e+02
5.297152519226074219e+02
5.297152519226074219e+02
5.297680940628051758e+02
5.395784368515014648e+02
5.298113532066345215e+02
5.297178483009338379e+02
5.297152519226074219e+02
5.297445502281188965e+02
5.297161016464233398e+02
5.297152519226074219e+02
5.297284789085388184e+02
5.297152519226074219e+02
5.297166643142700195e+02
5.297165670394897461e+02
5.297152519226074219e+02
5.297152519226074219e+02
5.297190480232238770e+02
5.297152519226074219e+02
5.344382414817810059e+02
5.297187566757202148e+02
5.297188844680786133e+02
5.297164044380187988e+02
5.297152519226074219e+02
5.297152519226074219e+02
5.297152519226074219e+02
5.297152519226074219e+02
5.297152519226074219e+02
5.297152519226074219e+02
5.297152519226074219e+02
5.765409703254699707e+02
5.297153129577636719e+02
5.297152519226074219e+02
5.297152519226074219e+02
5.297154808044433594e+02
5.297152519226074219e+02
5.297152519226074219e+02
5.521540403366088867e+02
5.297154731750488281e+02
5.297152519226074219e+02
5.297152519226074219e+02
5.297152519226074219e+02
5.297152519226074219e+02
5.297152519226074219e+02
5.297154984474182129e+02
5.297163929939270020e+02
5.297152519226074219e+02
5.297166104316711426e+02
5.297152976989746094e+02
5.297216815948486328e+02
5.297153115272521973e+02
5.297152519226074219e+02
5.297152519226074219e+02
5.297154889106750488e+02
5.297174525260925293e+02
5.297153749465942383e+02
5.297152519226074219e+02
5.297152519226074219e+02
5.297152519226074219e+02
5.297152519226074219e+02
5.297152519226074219e+02
5.297152519226074219e+02
5.297152519226074219e+02
5.297152519226074219e+02
5.297152519226074219e+02
5.297152519226074219e+02
5.297157177925109863e+02
5.297152519226074219e+02
5.297152519226074219e+02
5.297152519226074219e+02
5.297152519226074219e+02
5.297160925865173340e+02
5.297153925895690918e+02
5.297152519226074219e+02
5.297152519226074219e+02
5.297154054641723633e+02
5.297152519226074219e+02
5.297152519226074219e+02
5.297158379554748535e+02
5.297153468132019043e+02
5.297153463363647461e+02
5.297152519226074219e+02
5.297152595520019531e+02
5.297156100273132324e+02
5.297152519226074219e+02
5.297152519226074219e+02
5.297152519226074219e+02
5.297152519226074219e+02
5.297152519226074219e+02
5.297154755592346191e+02
5.297160506248474121e+02
5.297152519226074219e+02
5.297152519226074219e+02
5.297152519226074219e+02
5.297152519226074219e+02
5.297152519226074219e+02
5.297155351638793945e+02
5.297152519226074219e+02
5.297153453826904297e+02
5.297190589904785156e+02
5.297186427116394043e+02
5.297138366699218750e+02
5.297153182029724121e+02
5.297152519226074219e+02
5.297152519226074219e+02
5.297152519226074219e+02
5.297131853103637695e+02
5.297152519226074219e+02
5.297152519226074219e+02
5.297152557373046875e+02
5.297130122184753418e+02
5.297154488563537598e+02
5.297152519226074219e+02
5.297137207984924316e+02
5.297152519226074219e+02
5.297152519226074219e+02
5.297155632972717285e+02
5.297152519226074219e+02
5.297152519226074219e+02
5.297152519226074219e+02
5.297156324386596680e+02
5.297155251502990723e+02
5.297152519226074219e+02
5.297152519226074219e+02
5.297152519226074219e+02
5.297158141136169434e+02
5.297152519226074219e+02
5.297152519226074219e+02
5.297152519226074219e+02
5.297121152877807617e+02
5.297162318229675293e+02
5.297170977592468262e+02
5.297152519226074219e+02
5.297152519226074219e+02
5.297152519226074219e+02
5.297152900695800781e+02
5.297148122787475586e+02
5.297152519226074219e+02
5.297152729034423828e+02
5.297152519226074219e+02
5.297152519226074219e+02
5.297152519226074219e+02
5.297151470184326172e+02
5.297152519226074219e+02
5.297156105041503906e+02
5.297152810096740723e+02
5.297152519226074219e+02
5.297152519226074219e+02
5.297144732475280762e+02
5.297154664993286133e+02
5.297153267860412598e+02
5.297152519226074219e+02
5.297152519226074219e+02
5.297152519226074219e+02
5.297152519226074219e+02
5.297153129577636719e+02
5.297152528762817383e+02
5.297153391838073730e+02
5.297152519226074219e+02
5.297152519226074219e+02
5.297154121398925781e+02
5.297152519226074219e+02
5.297152519226074219e+02
5.297156105041503906e+02
5.297152519226074219e+02
5.297155518531799316e+02
5.297152519226074219e+02
5.297152519226074219e+02
5.297152519226074219e+02
5.297152519226074219e+02
5.297141761779785156e+02
5.297153382301330566e+02
5.297150683403015137e+02
5.297146978378295898e+02
5.297152762413024902e+02
5.297142171859741211e+02
5.297153658866882324e+02
5.297154192924499512e+02
5.297152605056762695e+02
5.297153272628784180e+02
5.297148175239562988e+02
5.297137899398803711e+02
5.297153892517089844e+02
5.297153053283691406e+02
5.297153811454772949e+02
5.297156510353088379e+02
5.297152519226074219e+02
5.297132301330566406e+02
5.297158236503601074e+02
5.297154688835144043e+02
5.297152519226074219e+02
5.297152519226074219e+02
5.297155914306640625e+02
5.297153739929199219e+02
5.297155299186706543e+02
5.297154445648193359e+02
5.297152705192565918e+02
5.297154402732849121e+02
5.297137269973754883e+02
5.297155127525329590e+02
5.297152533531188965e+02
5.297153434753417969e+02
5.297158079147338867e+02
5.297137207984924316e+02
5.297138395309448242e+02
5.297152519226074219e+02
5.297154812812805176e+02
5.297153992652893066e+02
5.297156820297241211e+02
5.297153673171997070e+02
5.297143731117248535e+02
5.297159037590026855e+02
5.297118587493896484e+02
5.297157864570617676e+02
5.297154541015625000e+02
5.297158823013305664e+02
5.297153487205505371e+02
5.297152743339538574e+02
5.297154288291931152e+02
5.297138085365295410e+02
5.297153759002685547e+02
5.297153534889221191e+02
5.297156739234924316e+02
5.297152695655822754e+02
5.297137470245361328e+02
5.297136621475219727e+02
5.297145924568176270e+02
5.297157120704650879e+02
5.297154264450073242e+02
5.297153978347778320e+02
5.297157206535339355e+02
5.297152519226074219e+02
5.297152519226074219e+02
5.297154521942138672e+02
5.297110590934753418e+02
5.297127895355224609e+02
5.297139229774475098e+02
5.297156434059143066e+02
5.297153196334838867e+02
5.297159309387207031e+02
5.297103242874145508e+02
5.297226138114929199e+02
5.297158594131469727e+02
5.297152709960937500e+02
5.297152571678161621e+02
5.297154941558837891e+02
5.297128825187683105e+02
5.297154483795166016e+02
5.297155494689941406e+02
5.297153625488281250e+02
5.297155098915100098e+02
5.297152519226074219e+02
5.297150573730468750e+02
5.297138276100158691e+02
5.297159929275512695e+02
5.297154107093811035e+02
5.297147660255432129e+02
5.297154741287231445e+02
5.297157220840454102e+02
5.297156500816345215e+02
5.297139353752136230e+02
5.297153830528259277e+02
5.297155046463012695e+02
5.297158560752868652e+02
5.297138953208923340e+02
5.297151761054992676e+02
5.297153811454772949e+02
5.297133784294128418e+02
5.297134151458740234e+02
5.297158107757568359e+02
5.297161564826965332e+02
5.297149128913879395e+02
5.297154111862182617e+02
5.297151508331298828e+02
5.297153949737548828e+02
5.297157454490661621e+02
5.297105221748352051e+02
5.297140097618103027e+02
5.297116570472717285e+02
5.297158098220825195e+02
5.297154617309570312e+02
5.297168312072753906e+02
5.297143192291259766e+02
5.297127685546875000e+02
5.297158298492431641e+02
5.297111225128173828e+02
5.297125697135925293e+02
5.297152147293090820e+02
5.297160453796386719e+02
5.297142705917358398e+02
5.297234678268432617e+02
5.297144665718078613e+02
5.297140345573425293e+02
5.297131814956665039e+02
5.297111763954162598e+02
5.297129697799682617e+02
5.297126622200012207e+02
5.297155051231384277e+02
5.297121143341064453e+02
5.297102332115173340e+02
5.297170019149780273e+02
5.297101097106933594e+02
5.297141823768615723e+02
5.297151174545288086e+02
5.297077383995056152e+02
5.297181057929992676e+02
5.297125039100646973e+02
5.297158627510070801e+02
5.297164006233215332e+02
5.297162294387817383e+02
5.297090215682983398e+02
5.297050142288208008e+02
5.297152338027954102e+02
5.297150459289550781e+02
5.296953086853027344e+02
5.297089810371398926e+02
5.297103452682495117e+02
5.297019886970520020e+02
5.297172985076904297e+02
5.297062988281250000e+02
5.297189846038818359e+02
5.297183647155761719e+02
5.297126135826110840e+02
5.297180848121643066e+02
5.297089405059814453e+02
5.296983032226562500e+02
5.296908764839172363e+02
5.297042746543884277e+02
5.297369179725646973e+02
5.297026162147521973e+02
5.296815366744995117e+02
5.297002859115600586e+02
5.297083473205566406e+02
5.296841726303100586e+02
5.297095685005187988e+02
5.297198939323425293e+02
5.296640181541442871e+02
5.296388583183288574e+02
5.322969160079956055e+02
5.295745563507080078e+02
5.295635962486267090e+02
5.295574693679809570e+02
5.295015258789062500e+02
5.295036935806274414e+02
5.294841032028198242e+02
5.294671845436096191e+02
5.294838457107543945e+02
5.293944306373596191e+02
5.294194898605346680e+02
5.294134793281555176e+02
5.293430647850036621e+02
5.293273930549621582e+02
5.292349653244018555e+02
5.292612032890319824e+02
5.292146344184875488e+02
5.291356692314147949e+02
5.291330838203430176e+02
5.290509052276611328e+02
5.290745902061462402e+02
5.290490980148315430e+02
5.289079303741455078e+02
5.287756743431091309e+02
5.287279014587402344e+02
5.286727118492126465e+02
5.285591430664062500e+02
5.284875254631042480e+02
5.284559211730957031e+02
5.284467654228210449e+02
5.282749114036560059e+02
5.282881097793579102e+02
5.282464289665222168e+02
5.280801444053649902e+02
5.279025120735168457e+02
5.277543649673461914e+02
5.276184172630310059e+02
5.271572465896606445e+02
5.268344984054565430e+02
5.268070187568664551e+02
5.263478007316589355e+02
5.263040122985839844e+02
5.261876235008239746e+02
5.259032254219055176e+02
5.255712141990661621e+02
5.255446629524230957e+02
5.251608238220214844e+02
5.247458605766296387e+02
5.247866830825805664e+02
5.243528017997741699e+02
5.248349752426147461e+02
5.246871361732482910e+02
5.253601455688476562e+02
5.247861399650573730e+02
5.250018925666809082e+02
5.243554172515869141e+02
5.250316629409790039e+02
5.246240358352661133e+02
5.244763617515563965e+02
5.240491018295288086e+02
5.239333434104919434e+02
5.236794109344482422e+02
5.238929839134216309e+02
5.230409159660339355e+02
5.229236669540405273e+02
5.227043743133544922e+02
5.231548261642456055e+02
5.251974172592163086e+02
5.242799301147460938e+02
5.240371484756469727e+02
5.233822703361511230e+02
5.233303809165954590e+02
5.234515242576599121e+02
5.237329564094543457e+02
5.227405962944030762e+02
5.231081275939941406e+02
5.227606000900268555e+02
5.224553551673889160e+02
5.229931097030639648e+02
5.228332529067993164e+02
5.228208708763122559e+02
5.226096267700195312e+02
5.223623361587524414e+02
5.221139006614685059e+02
5.226431398391723633e+02
5.239809656143188477e+02
5.230112199783325195e+02
5.228043155670166016e+02
5.223556976318359375e+02
5.226085896492004395e+02
5.224797043800354004e+02
5.238028264045715332e+02
5.233165788650512695e+02
5.225271620750427246e+02
5.223426589965820312e+02
5.224100513458251953e+02
5.228570494651794434e+02
5.223290648460388184e+02
5.217212791442871094e+02
5.219754939079284668e+02
5.223753471374511719e+02
5.220785574913024902e+02
5.220397119522094727e+02
5.213946003913879395e+02
5.275902285575866699e+02
5.894028763771057129e+02
5.287219390869140625e+02
5.289028377532958984e+02
5.295500607490539551e+02
5.441731519699096680e+02
5.275855984687805176e+02
5.276665530204772949e+02
5.270022578239440918e+02
5.276010451316833496e+02
5.274418544769287109e+02
5.268677968978881836e+02
5.263010940551757812e+02
5.256426653861999512e+02
5.263688349723815918e+02
5.257711186408996582e+02
5.249448175430297852e+02
5.261425924301147461e+02
5.255193576812744141e+02
5.265459923744201660e+02
5.248130383491516113e+02
5.248212141990661621e+02
5.246444802284240723e+02
5.244021396636962891e+02
5.254573173522949219e+02
5.243197693824768066e+02
5.249633550643920898e+02
5.250599555969238281e+02
5.292136974334716797e+02
5.283097295761108398e+02
5.263545188903808594e+02
5.246816849708557129e+02
5.246304664611816406e+02
5.246694698333740234e+02
5.241710929870605469e+02
5.241122164726257324e+02
5.244733405113220215e+02
5.237632398605346680e+02
5.244992060661315918e+02
5.233547825813293457e+02
5.237019000053405762e+02
5.240739674568176270e+02
5.233712496757507324e+02
5.231112470626831055e+02
5.230586485862731934e+02
5.236180677413940430e+02
5.239751353263854980e+02
5.240571351051330566e+02
5.234188399314880371e+02
5.242607717514038086e+02
5.237473373413085938e+02
5.236083507537841797e+02
5.228817472457885742e+02
5.239859318733215332e+02
5.227802009582519531e+02
5.272687063217163086e+02
5.232518978118896484e+02
5.230546212196350098e+02
5.223318204879760742e+02
5.228632073402404785e+02
5.213682322502136230e+02
5.217944359779357910e+02
5.214546909332275391e+02
5.211769976615905762e+02
5.209871778488159180e+02
5.208803191184997559e+02
5.209497470855712891e+02
5.204755673408508301e+02
5.207074179649353027e+02
5.212132549285888672e+02
5.209726233482360840e+02
5.207270026206970215e+02
5.214794507026672363e+02
5.211914815902709961e+02
5.210821976661682129e+02
5.207251753807067871e+02
5.208495235443115234e+02
5.202097811698913574e+02
5.214312992095947266e+02
5.207020530700683594e+02
5.214536552429199219e+02
5.275797100067138672e+02
5.224615106582641602e+02
5.215457563400268555e+02
5.224660787582397461e+02
5.208923454284667969e+02
5.230754008293151855e+02
5.212561302185058594e+02
5.224223346710205078e+02
5.226301774978637695e+02
5.217598304748535156e+02
5.210492224693298340e+02
5.220640988349914551e+02
5.208469719886779785e+02
5.204605507850646973e+02
5.201136713027954102e+02
5.200406203269958496e+02
5.198619499206542969e+02
5.203624901771545410e+02
5.214004116058349609e+02
5.206056733131408691e+02
5.196475214958190918e+02
5.211542301177978516e+02
5.366035280227661133e+02
5.222419915199279785e+02
5.229983873367309570e+02
5.216244497299194336e+02
5.214689950942993164e+02
5.209632329940795898e+02
5.213797607421875000e+02
5.203564500808715820e+02
5.202985653877258301e+02
5.198264169692993164e+02
5.200517334938049316e+02
5.195890278816223145e+02
5.186698374748229980e+02
5.188642301559448242e+02
5.179832854270935059e+02
5.208793034553527832e+02
5.200591697692871094e+02
5.198537163734436035e+02
5.215938606262207031e+02
5.189892148971557617e+02
5.202191357612609863e+02
5.194120545387268066e+02
5.193760142326354980e+02
5.196984872817993164e+02
5.191306266784667969e+02
5.187774777412414551e+02
5.185164775848388672e+02
5.185000829696655273e+02
5.178733582496643066e+02
5.202702574729919434e+02
5.190775671005249023e+02
5.184171299934387207e+02
5.226147375106811523e+02
5.189277529716491699e+02
5.181256575584411621e+02
5.183979039192199707e+02
5.190919260978698730e+02
5.191918582916259766e+02
5.189201836585998535e+02
5.180839176177978516e+02
5.187999401092529297e+02
5.188647718429565430e+02
5.177149353027343750e+02
5.169907860755920410e+02
5.170910701751708984e+02
5.176826930046081543e+02
5.180031299591064453e+02
5.177019824981689453e+02
5.169067540168762207e+02
5.203488988876342773e+02
5.198143358230590820e+02
5.186841959953308105e+02
5.186036877632141113e+02
5.167944011688232422e+02
5.177548584938049316e+02
5.163039841651916504e+02
5.194897141456604004e+02
5.169358377456665039e+02
5.171372332572937012e+02
5.162945370674133301e+02
5.149638891220092773e+02
5.160903906822204590e+02
5.142398238182067871e+02
5.145584568977355957e+02
5.149801630973815918e+02
5.148754181861877441e+02
5.148550333976745605e+02
5.157289104461669922e+02
5.148715620040893555e+02
5.160616765022277832e+02
5.139773502349853516e+02
5.161075015068054199e+02
5.175443511009216309e+02
5.161688137054443359e+02
5.187279763221740723e+02
5.181219921112060547e+02
5.183690357208251953e+02
5.178830447196960449e+02
5.182200808525085449e+02
5.170016546249389648e+02
5.267860331535339355e+02
5.280595636367797852e+02
5.428824667930603027e+02
5.306540675163269043e+02
5.238160290718078613e+02
5.221309857368469238e+02
5.173566179275512695e+02
5.182385458946228027e+02
5.177232775688171387e+02
5.180639014244079590e+02
5.176575145721435547e+02
5.167305140495300293e+02
5.164040756225585938e+02
5.158035640716552734e+02
5.168531584739685059e+02
5.151450009346008301e+02
5.144012331962585449e+02
5.159389419555664062e+02
5.159568319320678711e+02
5.144633107185363770e+02
5.184648847579956055e+02
5.166908297538757324e+02
5.199253711700439453e+02
5.300685353279113770e+02
5.190456042289733887e+02
5.169280772209167480e+02
5.183570327758789062e+02
5.200715293884277344e+02
5.168359642028808594e+02
5.168933520317077637e+02
5.169481639862060547e+02
5.169061956405639648e+02
5.162910799980163574e+02
5.154082398414611816e+02
5.157585253715515137e+02
5.157400269508361816e+02
5.155198154449462891e+02
5.143552489280700684e+02
5.141083602905273438e+02
5.162718429565429688e+02
5.147580876350402832e+02
5.175894665718078613e+02
5.187477102279663086e+02
5.178619542121887207e+02
5.184617915153503418e+02
5.181893229484558105e+02
5.175385193824768066e+02
5.182314925193786621e+02
5.166352505683898926e+02
5.178388085365295410e+02
5.172229280471801758e+02
5.173734803199768066e+02
5.196624941825866699e+02
5.172514948844909668e+02
5.184519371986389160e+02
5.177614841461181641e+02
5.174499549865722656e+02
5.186768875122070312e+02
5.187903389930725098e+02
5.174300689697265625e+02
5.159152526855468750e+02
5.164137539863586426e+02
5.159321947097778320e+02
5.166026749610900879e+02
5.171574454307556152e+02
5.160159602165222168e+02
5.172645015716552734e+02
5.144969873428344727e+02
5.156031479835510254e+02
5.167419886589050293e+02
5.169176273345947266e+02
5.158886394500732422e+02
5.167491736412048340e+02
5.155667834281921387e+02
5.161163096427917480e+02
5.146433548927307129e+02
5.153354606628417969e+02
5.164071216583251953e+02
5.138730282783508301e+02
5.142891478538513184e+02
5.137499570846557617e+02
5.152627167701721191e+02
5.148614540100097656e+02
5.146638746261596680e+02
5.126635742187500000e+02
5.141649584770202637e+02
5.150634508132934570e+02
5.140951709747314453e+02
5.152290349006652832e+02
5.146000471115112305e+02
5.133105993270874023e+02
5.141860928535461426e+02
5.148309922218322754e+02
5.164660067558288574e+02
5.173890113830566406e+02
5.144278740882873535e+02
5.124689359664916992e+02
5.113358654975891113e+02
5.121774621009826660e+02
5.128381438255310059e+02
5.160628805160522461e+02
5.161598739624023438e+02
5.133823976516723633e+02
5.150285553932189941e+02
5.135071001052856445e+02
5.146426157951354980e+02
5.143367967605590820e+02
5.141746230125427246e+02
5.145153040885925293e+02
5.154910464286804199e+02
5.139521017074584961e+02
5.151575627326965332e+02
5.151145081520080566e+02
5.144233117103576660e+02
5.166531424522399902e+02
5.158672409057617188e+02
5.152461419105529785e+02
5.155978527069091797e+02
5.128991756439208984e+02
5.123793005943298340e+02
5.119060711860656738e+02
5.135542144775390625e+02
5.129094586372375488e+02
5.146668887138366699e+02
5.133166780471801758e+02
5.144161252975463867e+02
5.153526163101196289e+02
5.155253868103027344e+02
5.133900508880615234e+02
5.132984399795532227e+02
5.139911327362060547e+02
5.140527458190917969e+02
5.147565608024597168e+02
5.133428635597229004e+02
5.119311842918395996e+02
5.126918516159057617e+02
5.123175210952758789e+02
5.122803654670715332e+02
5.120812907218933105e+02
5.193314723968505859e+02
5.263372750282287598e+02
5.164920935630798340e+02
5.166447463035583496e+02
5.169840703010559082e+02
5.172116670608520508e+02
5.154948930740356445e+02
5.173391184806823730e+02
5.178435955047607422e+02
5.154087471961975098e+02
5.192708873748779297e+02
5.163588285446166992e+02
5.169557380676269531e+02
5.162939400672912598e+02
5.160583510398864746e+02
5.150794949531555176e+02
5.163196129798889160e+02
5.157911100387573242e+02
5.148081254959106445e+02
5.148765749931335449e+02
5.180549077987670898e+02
5.169954438209533691e+02
5.140671525001525879e+02
5.145260686874389648e+02
5.167688646316528320e+02
5.165087556838989258e+02
5.141105504035949707e+02
5.139286785125732422e+02
5.155135407447814941e+02
5.157951269149780273e+02
5.144567523002624512e+02
5.152902026176452637e+02
5.166357355117797852e+02
5.160776433944702148e+02
5.138692088127136230e+02
5.158398284912109375e+02
5.164079551696777344e+02
5.153931736946105957e+02
5.148454251289367676e+02
5.160040788650512695e+02
5.150085926055908203e+02
5.075172963142395020e+02
5.053286147117614746e+02
5.051660580635070801e+02
5.022706007957458496e+02
5.036978845596313477e+02
5.031207642555236816e+02
5.037755932807922363e+02
5.049925198554992676e+02
5.045482373237609863e+02
5.036453914642333984e+02
5.033482527732849121e+02
5.021585569381713867e+02
5.044952168464660645e+02
5.035060915946960449e+02
5.038196077346801758e+02
5.037805156707763672e+02
5.035454721450805664e+02
5.038660759925842285e+02
5.026392278671264648e+02
5.014384961128234863e+02
5.029673066139221191e+02
5.069647092819213867e+02
5.030791349411010742e+02
5.035754389762878418e+02
5.020471482276916504e+02
5.040504574775695801e+02
5.033986349105834961e+02
5.031393036842346191e+02
5.021414937973022461e+02
5.032922391891479492e+02
5.029457330703735352e+02
5.043855109214782715e+02
5.033810672760009766e+02
5.020960521697998047e+02
5.059501967430114746e+02
5.040559339523315430e+02
5.052272667884826660e+02
5.039800863265991211e+02
5.025232911109924316e+02
5.027777514457702637e+02
5.018879923820495605e+02
5.032799167633056641e+02
5.025274581909179688e+02
5.033090405464172363e+02
5.034448523521423340e+02
5.046308236122131348e+02
5.026770954132080078e+02
5.022898244857788086e+02
5.047020092010498047e+02
5.043769454956054688e+02
5.031383957862854004e+02
5.025472421646118164e+02
5.049033217430114746e+02
5.026932435035705566e+02
5.013532109260559082e+02
5.032470421791076660e+02
5.033887372016906738e+02
5.020771884918212891e+02
5.047405643463134766e+02
5.030990762710571289e+02
5.041600027084350586e+02
5.016959304809570312e+02
5.026982192993164062e+02
5.055466885566711426e+02
5.030262989997863770e+02
5.040258092880249023e+02
5.026559658050537109e+02
5.022699046134948730e+02
5.033470253944396973e+02
5.038217048645019531e+02
5.031161813735961914e+02
5.029638900756835938e+02
5.031128401756286621e+02
5.045494761466979980e+02
5.036547994613647461e+02
5.023815636634826660e+02
5.015304756164550781e+02
5.039077033996582031e+02
5.020949149131774902e+02
5.023007187843322754e+02
5.043605613708496094e+02
5.021840238571166992e+02
5.027742252349853516e+02
5.007417702674865723e+02
5.011251544952392578e+02
5.015963788032531738e+02
5.017341637611389160e+02
5.017679071426391602e+02
5.005227584838867188e+02
5.008294305801391602e+02
5.018317699432373047e+02
5.018793888092041016e+02
5.018295054435729980e+02
5.032006621360778809e+02
5.030030336380004883e+02
5.026566100120544434e+02
5.026807656288146973e+02
5.032808318138122559e+02
5.008429684638977051e+02
5.008463153839111328e+02
5.028032002449035645e+02
5.028354082107543945e+02
5.030062794685363770e+02
5.018013114929199219e+02
5.023017339706420898e+02
5.013544979095458984e+02
4.994406132698059082e+02
5.009484028816223145e+02
5.032903017997741699e+02
5.019539890289306641e+02
5.018288292884826660e+02
5.026910204887390137e+02
5.032625908851623535e+02
5.036963744163513184e+02
5.009922647476196289e+02
5.048370828628540039e+02
5.006305274963378906e+02
5.011095657348632812e+02
5.023789319992065430e+02
5.003487486839294434e+02
5.011438040733337402e+02
5.005061631202697754e+02
5.020336747169494629e+02
5.012960753440856934e+02
5.002851042747497559e+02
5.022675552368164062e+02
5.014909615516662598e+02
5.020234618186950684e+02
5.024869241714477539e+02
5.007538948059082031e+02
5.011332836151123047e+02
5.029929847717285156e+02
5.025552420616149902e+02
5.021709685325622559e+02
4.999241919517517090e+02
4.999407815933227539e+02
5.001074910163879395e+02
4.985444517135620117e+02
4.993921766281127930e+02
5.013981132507324219e+02
5.013006520271301270e+02
4.999197983741760254e+02
5.047180113792419434e+02
5.027851529121398926e+02
5.023280954360961914e+02
5.001999459266662598e+02
5.023700242042541504e+02
5.007397775650024414e+02
5.022327952384948730e+02
5.021759753227233887e+02
5.011401286125183105e+02
5.003954434394836426e+02
5.011718549728393555e+02
4.999083304405212402e+02
4.995823717117309570e+02
4.991183519363403320e+02
5.012714028358459473e+02
