8.322566094398498535e+02
5.303831715583801270e+02
5.366480040550231934e+02
5.494552192687988281e+02
5.308897490501403809e+02
5.347798070907592773e+02
5.958521099090576172e+02
5.808197693824768066e+02
5.295404739379882812e+02
5.280185208320617676e+02
5.253597450256347656e+02
5.225310187339782715e+02
5.179132905006408691e+02
5.159571890830993652e+02
5.129428353309631348e+02
5.111725325584411621e+02
5.106117763519287109e+02
5.104527091979980469e+02
5.099739508628845215e+02
5.085698528289794922e+02
5.076116495132446289e+02
5.086552262306213379e+02
5.052066888809204102e+02
5.064815201759338379e+02
5.034788002967834473e+02
5.070643906593322754e+02
5.075752754211425781e+02
5.043065485954284668e+02
5.061881761550903320e+02
5.042183189392089844e+02
5.055970687866210938e+02
5.022486705780029297e+02
5.066327204704284668e+02
5.059768157005310059e+02
5.061876163482666016e+02
5.074031810760498047e+02
5.056663141250610352e+02
5.051210632324218750e+02
5.055744881629943848e+02
5.053113603591918945e+02
5.056706838607788086e+02
5.065810327529907227e+02
5.054428033828735352e+02
5.058668270111083984e+02
5.050625276565551758e+02
5.061182284355163574e+02
5.050761065483093262e+02
5.053027534484863281e+02
5.049347867965698242e+02
5.058576350212097168e+02
5.061280078887939453e+02
5.059038796424865723e+02
5.042581849098205566e+02
5.055403056144714355e+02
5.056182317733764648e+02
5.046641097068786621e+02
5.047907271385192871e+02
5.060501875877380371e+02
5.042761726379394531e+02
5.039818778038024902e+02
5.048459458351135254e+02
5.035690951347351074e+02
5.036778082847595215e+02
5.048269977569580078e+02
5.045170469284057617e+02
5.047488164901733398e+02
5.043436241149902344e+02
5.040323238372802734e+02
5.043776197433471680e+02
5.032398262023925781e+02
5.029185345172882080e+02
5.033037309646606445e+02
5.040521965026855469e+02
5.033593645095825195e+02
5.035581502914428711e+02
5.035792655944824219e+02
5.045820083618164062e+02
5.036737647056579590e+02
5.031085429191589355e+02
5.042191090583801270e+02
5.036765766143798828e+02
5.034036252498626709e+02
5.029153594970703125e+02
5.050801858901977539e+02
5.043018383979797363e+02
5.033377473354339600e+02
5.030804164409637451e+02
5.039051713943481445e+02
5.038614351749420166e+02
5.038174743652343750e+02
5.051807799339294434e+02
5.040010108947753906e+02
5.037758302688598633e+02
5.043151972293853760e+02
5.050385708808898926e+02
5.047636179924011230e+02
5.039996199607849121e+02
5.066657485961914062e+02
5.049323391914367676e+02
5.054166278839111328e+02
5.039353194236755371e+02
5.033433864116668701e+02
5.050413851737976074e+02
5.037282376289367676e+02
5.039484245777130127e+02
5.054714713096618652e+02
5.032472870349884033e+02
5.033477911949157715e+02
5.036721081733703613e+02
5.051400003433227539e+02
5.041481196880340576e+02
5.033433375358581543e+02
5.033087539672851562e+02
5.047198927402496338e+02
5.036666107177734375e+02
5.043882803916931152e+02
5.058619589805603027e+02
5.042728779315948486e+02
5.041341204643249512e+02
5.041061358451843262e+02
5.045952455997467041e+02
5.037036485671997070e+02
5.037713243961334229e+02
5.060415306091308594e+02
5.045290637016296387e+02
5.058225684165954590e+02
5.055340852737426758e+02
5.041928644180297852e+02
5.037284729480743408e+02
5.041465725898742676e+02
5.031971104145050049e+02
5.032313466072082520e+02
5.034788167476654053e+02
5.052699151039123535e+02
5.032513513565063477e+02
5.029301578998565674e+02
5.032045240402221680e+02
5.035084748268127441e+02
5.049516067504882812e+02
5.028165311813354492e+02
5.037552688121795654e+02
5.040645084381103516e+02
5.048418059349060059e+02
5.044764747619628906e+02
5.054650502204895020e+02
5.051694850921630859e+02
5.034048466682434082e+02
5.036548166275024414e+02
5.035319833755493164e+02
5.035259370803833008e+02
5.037037935256958008e+02
5.056354155540466309e+02
5.030148470401763916e+02
5.049803280830383301e+02
5.048739757537841797e+02
5.038210186958312988e+02
5.030981154441833496e+02
5.035653109550476074e+02
5.031060485839843750e+02
5.034539191722869873e+02
5.031342210769653320e+02
5.063196351528167725e+02
5.038279380798339844e+02
5.036110305786132812e+02
5.052854995727539062e+02
5.058608632087707520e+02
5.043728847503662109e+02
5.056800813674926758e+02
5.037860007286071777e+02
5.051735696792602539e+02
5.027062189579010010e+02
5.025371887683868408e+02
5.027829546928405762e+02
5.026118726730346680e+02
5.031838314533233643e+02
5.020060484409332275e+02
5.045303983688354492e+02
5.041522474288940430e+02
5.027103953361511230e+02
5.021930575370788574e+02
5.021797807216644287e+02
5.042194113731384277e+02
5.023403582572937012e+02
5.025484349727630615e+02
5.022169463634490967e+02
5.027177093029022217e+02
5.023317549228668213e+02
5.039470763206481934e+02
5.023551735877990723e+02
5.024245653152465820e+02
5.043644003868103027e+02
5.021512107849121094e+02
5.037039823532104492e+02
5.022954878807067871e+02
5.021511387825012207e+02
5.030330469608306885e+02
5.022786879539489746e+02
5.055229592323303223e+02
5.039514331817626953e+02
5.032888031005859375e+02
5.030637822151184082e+02
5.020958666801452637e+02
5.022298882007598877e+02
5.022845427989959717e+02
5.026251034736633301e+02
5.023548855781555176e+02
5.029230773448944092e+02
5.039246773719787598e+02
5.037686290740966797e+02
5.040912528038024902e+02
5.040320854187011719e+02
5.041289358139038086e+02
5.025408825874328613e+02
5.026523852348327637e+02
5.043032169342041016e+02
5.039385538101196289e+02
5.021988513469696045e+02
5.028715248107910156e+02
5.024451425075531006e+02
5.024054536819458008e+02
5.023257818222045898e+02
5.021814582347869873e+02
5.026503877639770508e+02
5.021331210136413574e+02
5.022203741073608398e+02
5.020444958209991455e+02
5.039456176757812500e+02
5.022274954319000244e+02
5.022409014701843262e+02
5.023917458057403564e+02
5.055585169792175293e+02
5.023443586826324463e+02
5.022565186023712158e+02
5.020886647701263428e+02
5.038813843727111816e+02
5.022452170848846436e+02
5.021772046089172363e+02
5.022175791263580322e+02
5.024214961528778076e+02
5.023036737442016602e+02
5.021583118438720703e+02
5.020908911228179932e+02
5.023117213249206543e+02
5.021952180862426758e+02
5.040639286041259766e+02
5.040846061706542969e+02
5.024812629222869873e+02
5.022808516025543213e+02
5.042272024154663086e+02
5.020279405117034912e+02
5.020179233551025391e+02
5.039900460243225098e+02
5.024036815166473389e+02
5.024308888912200928e+02
5.031301536560058594e+02
5.021575343608856201e+02
5.023356013298034668e+02
5.027134485244750977e+02
5.070507841110229492e+02
5.041976823806762695e+02
5.039042515754699707e+02
5.038916645050048828e+02
5.042026338577270508e+02
5.042354164123535156e+02
5.043368101119995117e+02
5.046264042854309082e+02
5.040624084472656250e+02
5.040489521026611328e+02
5.038698029518127441e+02
5.039894146919250488e+02
5.039861559867858887e+02
5.037148423194885254e+02
5.044506616592407227e+02
5.039253468513488770e+02
5.040903639793395996e+02
5.041243610382080078e+02
5.038877191543579102e+02
5.044271297454833984e+02
5.040691847801208496e+02
5.038728103637695312e+02
5.039039425849914551e+02
5.039546661376953125e+02
5.039746670722961426e+02
5.037715425491333008e+02
5.040370316505432129e+02
5.042087993621826172e+02
5.039814486503601074e+02
5.042590703964233398e+02
5.050274753570556641e+02
5.039619908332824707e+02
5.042465815544128418e+02
5.043136787414550781e+02
5.043820290565490723e+02
5.037847466468811035e+02
5.038889284133911133e+02
5.041345124244689941e+02
5.040575251579284668e+02
5.043735146522521973e+02
5.040801153182983398e+02
5.041118841171264648e+02
5.041314301490783691e+02
5.044999957084655762e+02
5.052793345451354980e+02
5.037292215824127197e+02
5.040479435920715332e+02
5.049311852455139160e+02
5.037263669967651367e+02
5.039426207542419434e+02
5.035435330867767334e+02
5.040045850276947021e+02
5.040075006484985352e+02
5.039760808944702148e+02
5.053176989555358887e+02
5.042103276252746582e+02
5.040440125465393066e+02
5.041120710372924805e+02
5.041775341033935547e+02
5.044284286499023438e+02
5.039643812179565430e+02
5.039978818893432617e+02
5.043917083740234375e+02
5.043729410171508789e+02
5.042806496620178223e+02
5.045575528144836426e+02
5.041339073181152344e+02
5.040271987915039062e+02
5.037457163333892822e+02
5.035275051593780518e+02
5.036298091411590576e+02
5.051969251632690430e+02
5.040487713813781738e+02
5.035058040618896484e+02
5.037337517738342285e+02
5.037455449104309082e+02
5.037405440807342529e+02
5.041934223175048828e+02
5.038269882202148438e+02
5.035670273303985596e+02
5.037235188484191895e+02
5.036527640819549561e+02
5.033956046104431152e+02
5.042444076538085938e+02
5.034641187191009521e+02
5.035415174961090088e+02
5.035380802154541016e+02
5.051953682899475098e+02
5.035361201763153076e+02
5.036182918548583984e+02
5.036684517860412598e+02
5.034476420879364014e+02
5.034266464710235596e+02
5.034312548637390137e+02
5.032786035537719727e+02
5.033019523620605469e+02
5.039130725860595703e+02
5.032622818946838379e+02
5.034927582740783691e+02
5.035932326316833496e+02
5.032337722778320312e+02
5.031972825527191162e+02
5.031301453113555908e+02
5.033842711448669434e+02
5.035806870460510254e+02
5.032342507839202881e+02
5.053083677291870117e+02
5.041944413185119629e+02
5.041175494194030762e+02
5.047198958396911621e+02
5.037889554500579834e+02
5.036071109771728516e+02
5.037357096672058105e+02
5.036000356674194336e+02
5.044417948722839355e+02
5.035237429141998291e+02
5.034597606658935547e+02
5.033114564418792725e+02
5.034136793613433838e+02
5.035522944927215576e+02
5.030151779651641846e+02
5.031084296703338623e+02
5.049468808174133301e+02
5.031176538467407227e+02
5.029957675933837891e+02
5.030274660587310791e+02
5.037734680175781250e+02
5.029182653427124023e+02
5.048869438171386719e+02
5.032531411647796631e+02
5.036623849868774414e+02
5.029151220321655273e+02
5.031289041042327881e+02
5.037953996658325195e+02
5.037271752357482910e+02
5.042366056442260742e+02
5.034871406555175781e+02
5.033882002830505371e+02
5.032612121105194092e+02
5.032889533042907715e+02
5.035424199104309082e+02
5.036550188064575195e+02
5.033693165779113770e+02
5.038449835777282715e+02
5.032082929611206055e+02
5.032214126586914062e+02
5.032565863132476807e+02
5.029263882637023926e+02
5.040147380828857422e+02
5.033515276908874512e+02
5.034520916938781738e+02
5.035474700927734375e+02
5.036550233364105225e+02
5.035254583358764648e+02
5.033797082901000977e+02
5.029856562614440918e+02
5.027577641010284424e+02
5.032584764957427979e+02
5.038358101844787598e+02
5.035811834335327148e+02
5.037257683277130127e+02
5.034765710830688477e+02
5.034654295444488525e+02
5.032731282711029053e+02
5.034825866222381592e+02
5.035517616271972656e+02
5.036803834438323975e+02
5.029941687583923340e+02
5.039181699752807617e+02
5.036271200180053711e+02
5.035608978271484375e+02
5.030628976821899414e+02
5.039338769912719727e+02
5.037132000923156738e+02
5.035341145992279053e+02
5.033264603614807129e+02
5.028626170158386230e+02
5.028610904216766357e+02
5.034158091545104980e+02
5.028230581283569336e+02
5.036257348060607910e+02
5.031997263431549072e+02
5.028740570545196533e+02
5.036644177436828613e+02
5.027782304286956787e+02
5.042272706031799316e+02
5.031168131828308105e+02
5.032816138267517090e+02
5.027735848426818848e+02
5.032306358814239502e+02
5.027808680534362793e+02
5.027241983413696289e+02
5.028622360229492188e+02
5.027323834896087646e+02
5.035959475040435791e+02
5.027323944568634033e+02
5.034523613452911377e+02
5.026575853824615479e+02
5.026294896602630615e+02
5.036294572353363037e+02
5.042865138053894043e+02
5.034003939628601074e+02
5.027876219749450684e+02
5.029090669155120850e+02
5.030002415180206299e+02
5.026474168300628662e+02
5.066133747100830078e+02
5.036248650550842285e+02
5.034020209312438965e+02
5.034100902080535889e+02
5.033560113906860352e+02
5.037944114208221436e+02
5.035948112010955811e+02
5.036509594917297363e+02
5.035319957733154297e+02
5.036618294715881348e+02
5.035904209613800049e+02
5.034629919528961182e+02
5.037082571983337402e+02
5.055991940498352051e+02
5.034709236621856689e+02
5.053063659667968750e+02
5.034723973274230957e+02
5.033636000156402588e+02
5.035349006652832031e+02
5.034489843845367432e+02
5.032625529766082764e+02
5.053070144653320312e+02
5.035855481624603271e+02
5.053818421363830566e+02
5.036907529830932617e+02
5.035268583297729492e+02
5.035794036388397217e+02
5.033938076496124268e+02
5.053013586997985840e+02
5.034001336097717285e+02
5.036440520286560059e+02
5.034838688373565674e+02
5.035232691764831543e+02
5.034959998130798340e+02
5.035568895339965820e+02
5.053013224601745605e+02
5.036220705509185791e+02
5.034453411102294922e+02
5.053861203193664551e+02
5.055361881256103516e+02
5.037063753604888916e+02
5.032897124290466309e+02
5.034836299419403076e+02
5.034513926506042480e+02
5.034792497158050537e+02
5.036434466838836670e+02
5.033643643856048584e+02
5.034831361770629883e+02
5.035004065036773682e+02
5.035744245052337646e+02
5.033623952865600586e+02
5.033677666187286377e+02
5.035253739356994629e+02
5.034511227607727051e+02
5.033683426380157471e+02
5.052435159683227539e+02
5.051338887214660645e+02
5.053310809135437012e+02
5.033749589920043945e+02
5.035910906791687012e+02
5.036783454418182373e+02
5.035010442733764648e+02
5.035298874378204346e+02
5.053072142601013184e+02
5.035851109027862549e+02
5.035264570713043213e+02
5.034590246677398682e+02
5.034165837764739990e+02
5.035971422195434570e+02
5.035998184680938721e+02
5.034822585582733154e+02
5.034270968437194824e+02
5.053719158172607422e+02
5.035051925182342529e+02
5.035041265487670898e+02
5.054096951484680176e+02
5.034496433734893799e+02
5.033853523731231689e+02
5.050661859512329102e+02
5.052794818878173828e+02
5.033744678497314453e+02
5.034192574024200439e+02
5.035494363307952881e+02
5.033821747303009033e+02
5.033332216739654541e+02
5.033595519065856934e+02
5.032945175170898438e+02
5.053218297958374023e+02
5.033710970878601074e+02
5.054499082565307617e+02
5.031863169670104980e+02
5.032970471382141113e+02
5.032418029308319092e+02
5.049780259132385254e+02
5.033735253810882568e+02
5.033858604431152344e+02
5.052782039642333984e+02
5.050829725265502930e+02
5.033002448081970215e+02
5.033804388046264648e+02
5.033172135353088379e+02
5.032431421279907227e+02
5.031873002052307129e+02
5.052356510162353516e+02
5.032308187484741211e+02
5.033265626430511475e+02
5.033156180381774902e+02
5.033395559787750244e+02
5.033042416572570801e+02
5.034872133731842041e+02
5.050681796073913574e+02
5.030834031105041504e+02
5.051107649803161621e+02
5.031593489646911621e+02
5.052170753479003906e+02
5.032570211887359619e+02
5.051830687522888184e+02
5.031632580757141113e+02
5.032735512256622314e+02
5.030960433483123779e+02
5.032365756034851074e+02
5.052557296752929688e+02
5.034441499710083008e+02
5.033302686214447021e+02
5.034170985221862793e+02
5.033781085014343262e+02
5.032067780494689941e+02
5.030635309219360352e+02
5.033401830196380615e+02
5.052069168090820312e+02
5.030463030338287354e+02
5.051756634712219238e+02
5.051611914634704590e+02
5.051870012283325195e+02
5.032144231796264648e+02
5.050047726631164551e+02
5.034438931941986084e+02
5.033851845264434814e+02
5.034754896163940430e+02
5.033646368980407715e+02
5.053334875106811523e+02
5.033897454738616943e+02
5.032522332668304443e+02
5.052553901672363281e+02
5.033019821643829346e+02
5.034334487915039062e+02
5.033442039489746094e+02
5.034053690433502197e+02
5.034391224384307861e+02
5.032948830127716064e+02
5.033801512718200684e+02
5.033647189140319824e+02
5.033028988838195801e+02
5.033493492603302002e+02
5.032407176494598389e+02
5.034172389507293701e+02
5.032818365097045898e+02
5.033468096256256104e+02
5.032589030265808105e+02
5.052668662071228027e+02
5.031064915657043457e+02
5.052676877975463867e+02
5.033152854442596436e+02
5.030846211910247803e+02
5.035406298637390137e+02
5.032669007778167725e+02
5.051519670486450195e+02
5.051150627136230469e+02
5.030520331859588623e+02
5.033830835819244385e+02
5.035001082420349121e+02
5.032742977142333984e+02
5.030824396610260010e+02
5.033286757469177246e+02
5.033401947021484375e+02
5.032695872783660889e+02
5.033183941841125488e+02
5.031992464065551758e+02
5.031017518043518066e+02
5.034614706039428711e+02
5.033624143600463867e+02
5.032695205211639404e+02
5.048610692024230957e+02
5.033328883647918701e+02
5.032908551692962646e+02
5.053344721794128418e+02
5.033426988124847412e+02
5.033512439727783203e+02
5.036322255134582520e+02
5.035920474529266357e+02
5.032768309116363525e+02
5.054226055145263672e+02
5.032461495399475098e+02
5.053990821838378906e+02
5.033478202819824219e+02
5.035683803558349609e+02
5.034417450428009033e+02
5.031735091209411621e+02
5.033800182342529297e+02
5.032212622165679932e+02
5.032085046768188477e+02
5.051398468017578125e+02
5.049140238761901855e+02
5.033590681552886963e+02
5.034886262416839600e+02
5.032894864082336426e+02
5.034865908622741699e+02
5.034364995956420898e+02
5.031847841739654541e+02
5.033243563175201416e+02
5.051616520881652832e+02
5.031532080173492432e+02
5.033094239234924316e+02
5.032222077846527100e+02
5.051415824890136719e+02
5.033436136245727539e+02
5.032726924419403076e+02
5.033884332180023193e+02
5.032038297653198242e+02
5.033212699890136719e+02
5.033660597801208496e+02
5.052132067680358887e+02
5.032775485515594482e+02
5.032959764003753662e+02
5.034429900646209717e+02
5.033623375892639160e+02
5.033282873630523682e+02
5.051490607261657715e+02
5.033069581985473633e+02
5.031410300731658936e+02
5.035102181434631348e+02
5.031939888000488281e+02
5.052120251655578613e+02
5.053201746940612793e+02
5.050772271156311035e+02
5.031427552700042725e+02
5.031902673244476318e+02
5.031627984046936035e+02
5.052301912307739258e+02
5.032247927188873291e+02
5.033826272487640381e+02
5.033392601013183594e+02
5.032451779842376709e+02
5.053969831466674805e+02
5.032533333301544189e+02
5.051140365600585938e+02
5.033171472549438477e+02
5.032401144504547119e+02
5.033476326465606689e+02
5.033305909633636475e+02
5.032939238548278809e+02
5.054797348976135254e+02
5.050593142509460449e+02
5.033887712955474854e+02
5.032463557720184326e+02
5.031183145046234131e+02
5.052497467994689941e+02
5.052475399971008301e+02
5.031384198665618896e+02
5.033122920989990234e+02
5.031916196346282959e+02
5.049790601730346680e+02
5.050387778282165527e+02
5.033809437751770020e+02
5.030712027549743652e+02
5.032201404571533203e+02
5.032484416961669922e+02
5.034366171360015869e+02
5.032477300167083740e+02
5.034547266960144043e+02
5.032116637229919434e+02
5.033834011554718018e+02
5.032575645446777344e+02
5.051122879981994629e+02
5.032380602359771729e+02
5.052132468223571777e+02
5.052019200325012207e+02
5.032002623081207275e+02
5.033181138038635254e+02
5.032895383834838867e+02
5.032173466682434082e+02
5.051307501792907715e+02
5.050437965393066406e+02
5.031973960399627686e+02
5.033912804126739502e+02
5.031674900054931641e+02
5.031813359260559082e+02
5.034634711742401123e+02
5.032854664325714111e+02
5.030763866901397705e+02
5.049730434417724609e+02
5.051858105659484863e+02
5.033929469585418701e+02
5.032565360069274902e+02
5.033983607292175293e+02
5.031943290233612061e+02
5.034050261974334717e+02
5.033719253540039062e+02
5.051610927581787109e+02
5.050634732246398926e+02
5.034640288352966309e+02
5.035527670383453369e+02
5.033057150840759277e+02
5.034460744857788086e+02
5.052143111228942871e+02
5.051258163452148438e+02
5.053422741889953613e+02
5.035123629570007324e+02
5.032115130424499512e+02
5.035088706016540527e+02
5.051419043540954590e+02
5.052896962165832520e+02
5.032719128131866455e+02
5.034123032093048096e+02
5.036328341960906982e+02
5.032226250171661377e+02
5.034112353324890137e+02
5.034684653282165527e+02
5.051631259918212891e+02
5.031984543800354004e+02
5.032866370677947998e+02
5.032891683578491211e+02
5.034527740478515625e+02
5.033098201751708984e+02
5.032098758220672607e+02
5.034667828083038330e+02
5.051916508674621582e+02
5.053121705055236816e+02
5.032170321941375732e+02
5.032489399909973145e+02
5.034908344745635986e+02
5.033452627658843994e+02
5.032416355609893799e+02
5.032930057048797607e+02
5.031571559906005859e+02
5.032077114582061768e+02
5.052908949851989746e+02
5.034291710853576660e+02
5.034273123741149902e+02
5.031587734222412109e+02
5.032878158092498779e+02
5.035750644207000732e+02
5.033267858028411865e+02
5.033624379634857178e+02
5.032207314968109131e+02
5.034086143970489502e+02
5.050186004638671875e+02
5.031828694343566895e+02
5.032820398807525635e+02
5.033570647239685059e+02
5.030748763084411621e+02
5.035227432250976562e+02
5.033811194896697998e+02
5.050873842239379883e+02
5.053197112083435059e+02
5.050261750221252441e+02
5.032539839744567871e+02
5.032991359233856201e+02
5.051945605278015137e+02
5.033592643737792969e+02
5.034084019660949707e+02
5.032910981178283691e+02
5.032969408035278320e+02
5.035537137985229492e+02
5.051298861503601074e+02
5.051339669227600098e+02
5.034889063835144043e+02
5.034453315734863281e+02
5.051285243034362793e+02
5.050636696815490723e+02
5.032966108322143555e+02
5.034672825336456299e+02
5.032639682292938232e+02
5.031886985301971436e+02
5.036494529247283936e+02
5.034421672821044922e+02
5.033023641109466553e+02
5.051338958740234375e+02
5.033440618515014648e+02
5.051991901397705078e+02
5.032444937229156494e+02
5.031876296997070312e+02
5.034852662086486816e+02
5.033058991432189941e+02
5.033602654933929443e+02
5.032717385292053223e+02
5.032723836898803711e+02
5.034158530235290527e+02
5.031077921390533447e+02
5.034940977096557617e+02
5.030951633453369141e+02
5.033510441780090332e+02
5.033509514331817627e+02
5.031809070110321045e+02
5.051495289802551270e+02
5.032370438575744629e+02
5.032726025581359863e+02
5.032770383358001709e+02
5.032236039638519287e+02
5.032074785232543945e+02
5.032911939620971680e+02
5.053133611679077148e+02
5.033066439628601074e+02
5.034246397018432617e+02
5.032686152458190918e+02
5.034009788036346436e+02
5.032350955009460449e+02
5.033178582191467285e+02
5.031943562030792236e+02
5.034666745662689209e+02
5.032568130493164062e+02
5.050343146324157715e+02
5.032774736881256104e+02
5.031690702438354492e+02
5.031726317405700684e+02
5.034840185642242432e+02
5.033260958194732666e+02
5.052744164466857910e+02
5.033594896793365479e+02
5.033810422420501709e+02
5.031203994750976562e+02
5.051016683578491211e+02
5.032266466617584229e+02
5.032136738300323486e+02
5.033354463577270508e+02
5.032844188213348389e+02
5.033956601619720459e+02
5.031535618305206299e+02
5.052407665252685547e+02
5.032901151180267334e+02
5.052149648666381836e+02
5.031604599952697754e+02
5.051899490356445312e+02
5.033870842456817627e+02
5.051925587654113770e+02
5.033795042037963867e+02
5.031657855510711670e+02
5.052167859077453613e+02
5.033988730907440186e+02
5.033098866939544678e+02
5.031304519176483154e+02
5.032620334625244141e+02
5.050836448669433594e+02
5.033356912136077881e+02
5.033192102909088135e+02
5.033751997947692871e+02
5.051254768371582031e+02
5.033767573833465576e+02
5.050143675804138184e+02
5.033937320709228516e+02
5.034833676815032959e+02
5.033027868270874023e+02
5.036033012866973877e+02
5.033866631984710693e+02
5.036191279888153076e+02
5.033279154300689697e+02
5.033624315261840820e+02
5.031088337898254395e+02
5.031173119544982910e+02
5.035095789432525635e+02
5.033515052795410156e+02
5.032328953742980957e+02
5.053212299346923828e+02
5.031966898441314697e+02
5.033624944686889648e+02
5.034085521697998047e+02
5.050876474380493164e+02
5.034260473251342773e+02
5.051625432968139648e+02
5.032210230827331543e+02
5.031974670886993408e+02
5.032245581150054932e+02
5.031673316955566406e+02
5.034675209522247314e+02
5.034407386779785156e+02
5.032112791538238525e+02
5.052686243057250977e+02
5.051727886199951172e+02
5.053149743080139160e+02
5.050969171524047852e+02
5.033905231952667236e+02
5.033390202522277832e+02
5.035154976844787598e+02
5.034884750843048096e+02
5.034959065914154053e+02
5.033467292785644531e+02
5.033334221839904785e+02
5.053629250526428223e+02
5.033520584106445312e+02
5.032544794082641602e+02
5.051326017379760742e+02
5.033473923206329346e+02
5.032055907249450684e+02
5.051041603088378906e+02
5.051563615798950195e+02
5.053082194328308105e+02
5.052426905632019043e+02
5.050156154632568359e+02
5.034748520851135254e+02
5.033426527976989746e+02
5.033779895305633545e+02
5.032193822860717773e+02
5.039348831176757812e+02
5.053757901191711426e+02
5.051432428359985352e+02
5.052526636123657227e+02
5.051542587280273438e+02
5.050996837615966797e+02
5.052446479797363281e+02
5.053155870437622070e+02
5.052172837257385254e+02
5.052938857078552246e+02
5.047769422531127930e+02
5.051983556747436523e+02
5.051064143180847168e+02
5.053279070854187012e+02
5.052163095474243164e+02
5.050507268905639648e+02
5.051510972976684570e+02
5.052463045120239258e+02
5.050544371604919434e+02
5.051642069816589355e+02
5.049032335281372070e+02
5.051012682914733887e+02
5.052723798751831055e+02
5.052167472839355469e+02
5.053121161460876465e+02
5.052773847579956055e+02
5.052754249572753906e+02
5.052403607368469238e+02
5.051008849143981934e+02
5.052550716400146484e+02
5.051555213928222656e+02
5.052385506629943848e+02
5.052710447311401367e+02
5.052706856727600098e+02
