8.488101025104522705e+03
8.401899313926696777e+03
8.186182578086853027e+03
7.748657202243804932e+03
7.547951808452606201e+03
7.474461584568023682e+03
7.439722567081451416e+03
7.421018077373504639e+03
7.410179482460021973e+03
7.403535068035125732e+03
7.399276935100555420e+03
7.396451092720031738e+03
7.394523314952850342e+03
7.393179347038269043e+03
7.392226696968078613e+03
7.391543444156646729e+03
7.391049893856048584e+03
7.390692729473114014e+03
7.390435245990753174e+03
7.390251673221588135e+03
7.390123584270477295e+03
7.390037613391876221e+03
7.389983789920806885e+03
7.389954730510711670e+03
7.389944890975952148e+03
7.389949858188629150e+03
7.389966329097747803e+03
7.389991789817810059e+03
7.390024114131927490e+03
7.390061816215515137e+03
7.390103564739227295e+03
7.390148337364196777e+03
7.390195311069488525e+03
7.390243882656097412e+03
7.390293490409851074e+03
7.390343732357025146e+03
7.390394206047058105e+03
7.390444767951965332e+03
7.390495044708251953e+03
7.390544937133789062e+03
7.390594291210174561e+03
7.390642979621887207e+03
7.390690924644470215e+03
7.390738000869750977e+03
7.390784208774566650e+03
7.390829453468322754e+03
7.390873761177062988e+03
7.390917059898376465e+03
7.390959386825561523e+03
7.391000622749328613e+03
7.391040842533111572e+03
7.391080090999603271e+03
7.391118279457092285e+03
7.391155466079711914e+03
7.391191627025604248e+03
7.391226755142211914e+03
7.391260923862457275e+03
7.391294156074523926e+03
7.391326382160186768e+03
7.391357688903808594e+03
7.391388021945953369e+03
7.391417503833770752e+03
7.391446084976196289e+03
7.391473800659179688e+03
7.391500654697418213e+03
7.391526665210723877e+03
7.391551879405975342e+03
7.391576316356658936e+03
7.391599985122680664e+03
7.391622931003570557e+03
7.391645131587982178e+03
7.391666593551635742e+03
7.391687419414520264e+03
7.391707579612731934e+03
7.391727056980133057e+03
7.391745958805084229e+03
7.391764281749725342e+03
7.391781985759735107e+03
7.391799127101898193e+03
7.391815738201141357e+03
7.391831823825836182e+03
7.391847412586212158e+03
7.391862517833709717e+03
7.391877156257629395e+03
7.391891405105590820e+03
7.391905157566070557e+03
7.391918509960174561e+03
7.391931528568267822e+03
7.391944146156311035e+03
7.391956381797790527e+03
7.391968274116516113e+03
7.391979875564575195e+03
7.391991150379180908e+03
7.392002121448516846e+03
7.392012836456298828e+03
7.392023237228393555e+03
7.392033434867858887e+03
7.392043342590332031e+03
7.392053027629852295e+03
7.392062532901763916e+03
7.392071742534637451e+03
7.392080841541290283e+03
7.392089679241180420e+03
7.392098321437835693e+03
7.392106812000274658e+03
7.392115145683288574e+03
7.392123318672180176e+03
7.392131317615509033e+03
7.392139146804809570e+03
7.392146840572357178e+03
7.392154419422149658e+03
7.392161818504333496e+03
7.392169104576110840e+03
7.392176269054412842e+03
7.392183331012725830e+03
7.392190208435058594e+03
7.392196974754333496e+03
7.392203693389892578e+03
7.392210236072540283e+03
7.392216695785522461e+03
7.392223035812377930e+03
7.392229321956634521e+03
7.392235477924346924e+03
7.392241511821746826e+03
7.392247482299804688e+03
7.392253331184387207e+03
7.392259105205535889e+03
7.392264816761016846e+03
7.392270404815673828e+03
7.392275927066802979e+03
7.392281346797943115e+03
7.392286707878112793e+03
7.392291952133178711e+03
7.392297180175781250e+03
7.392302247047424316e+03
7.392307247161865234e+03
7.392312221050262451e+03
7.392317061424255371e+03
7.392321855068206787e+03
7.392326491355895996e+03
7.392331120014190674e+03
7.392335572719573975e+03
7.392339976310729980e+03
7.392344232082366943e+03
7.392348379135131836e+03
7.392352423667907715e+03
7.392356320381164551e+03
7.392360076427459717e+03
7.392363692283630371e+03
7.392367119789123535e+03
7.392370432376861572e+03
7.392373549461364746e+03
7.392376484394073486e+03
7.392379277706146240e+03
7.392381812572479248e+03
7.392384228706359863e+03
7.392386453628540039e+03
7.392388469219207764e+03
7.392390299797058105e+03
7.392391955375671387e+03
7.392393506526947021e+03
7.392394821643829346e+03
7.392396069049835205e+03
7.392397114753723145e+03
7.392398053169250488e+03
7.392398896217346191e+03
7.392399679183959961e+03
7.392400327682495117e+03
7.392400891304016113e+03
7.392401412487030029e+03
7.392401879310607910e+03
7.392402268886566162e+03
7.392402618885040283e+03
7.392402913570404053e+03
7.392403126239776611e+03
7.392403273582458496e+03
7.392403346538543701e+03
7.392403314113616943e+03
7.392403203487396240e+03
7.392402932167053223e+03
7.392402539253234863e+03
7.392401939868927002e+03
7.392401174068450928e+03
7.392400165557861328e+03
7.392398860454559326e+03
7.392397307395935059e+03
7.392395501136779785e+03
7.392393292427062988e+03
7.392390738010406494e+03
7.392387856006622314e+03
7.392384527683258057e+03
7.392380739212036133e+03
7.392376559257507324e+03
7.392371980667114258e+03
7.392366959571838379e+03
7.392361443996429443e+03
7.392355556011199951e+03
7.392349220752716064e+03
7.392342468738555908e+03
7.392335323333740234e+03
7.392327829360961914e+03
7.392319974422454834e+03
7.392311827182769775e+03
7.392303375720977783e+03
7.392294722080230713e+03
7.392285959243774414e+03
7.392277060031890869e+03
7.392268109321594238e+03
7.392259175777435303e+03
7.392250367164611816e+03
7.392241735458374023e+03
7.392233359813690186e+03
7.392225352287292480e+03
7.392217769145965576e+03
7.392210750102996826e+03
7.392204344749450684e+03
7.392198687553405762e+03
7.392193857669830322e+03
7.392189993858337402e+03
7.392187122344970703e+03
7.392185321807861328e+03
7.392184588909149170e+03
7.392184967517852783e+03
7.392186184406280518e+03
7.392188280582427979e+03
7.392190864086151123e+03
7.392193624973297119e+03
7.392196101188659668e+03
7.392197745323181152e+03
7.392197933673858643e+03
7.392195862293243408e+03
7.392190587043762207e+03
7.392180859088897705e+03
7.392165103435516357e+03
7.392141493797302246e+03
7.392108094215393066e+03
7.392063020706176758e+03
7.392005008697509766e+03
7.391933633804321289e+03
7.391849765300750732e+03
7.391755371093750000e+03
7.391653315544128418e+03
7.391546430110931396e+03
7.391435266494750977e+03
7.391313465595245361e+03
7.391168048858642578e+03
7.391000074386596680e+03
7.390808609485626221e+03
7.390499879837036133e+03
7.389862750530242920e+03
7.388559312343597412e+03
7.386157395362854004e+03
7.382312048435211182e+03
7.377066029071807861e+03
7.370536540031433105e+03
7.362215035438537598e+03
7.352464825153350830e+03
7.345083871841430664e+03
7.333311362743377686e+03
7.320863748550415039e+03
7.306645587921142578e+03
7.291390782833099365e+03
7.275710009098052979e+03
7.259869159221649170e+03
7.243389227390289307e+03
7.226588349819183350e+03
7.209921938896179199e+03
7.193366370677947998e+03
7.177953131675720215e+03
7.163733923435211182e+03
7.150693954467773438e+03
7.138273944377899170e+03
7.126371399402618408e+03
7.114410491466522217e+03
7.102238462924957275e+03
7.090188138961791992e+03
7.078554076194763184e+03
7.067643809318542480e+03
7.058938338279724121e+03
7.052463017463684082e+03
7.046498564243316650e+03
7.039057528018951416e+03
7.029825146675109863e+03
7.023468369483947754e+03
7.018015417098999023e+03
7.010202444076538086e+03
6.967720555782318115e+03
6.952442171573638916e+03
6.929415412902832031e+03
6.929108626365661621e+03
6.918540820598602295e+03
6.898491711616516113e+03
6.878804368495941162e+03
6.861170137405395508e+03
6.835969409942626953e+03
6.828030409336090088e+03
6.827135490417480469e+03
6.874777441501617432e+03
6.798272790908813477e+03
6.777158876895904541e+03
6.771153350353240967e+03
6.765545705318450928e+03
6.754428660392761230e+03
6.730035861492156982e+03
6.736738791942596436e+03
6.716445456027984619e+03
6.726370629310607910e+03
6.689836198806762695e+03
6.712049026966094971e+03
6.693204135894775391e+03
6.685182445049285889e+03
6.711975092887878418e+03
6.737458280563354492e+03
6.707852952957153320e+03
6.735207144260406494e+03
6.731449309349060059e+03
6.806157008647918701e+03
6.749057261466979980e+03
6.689868708133697510e+03
6.660428702831268311e+03
6.669684838294982910e+03
6.623429693698883057e+03
6.624073865413665771e+03
6.662329273223876953e+03
6.677222355365753174e+03
6.669369678974151611e+03
6.682039800167083740e+03
6.635683143615722656e+03
6.617134326457977295e+03
6.579218009471893311e+03
6.598851038455963135e+03
6.706562121391296387e+03
6.660624013423919678e+03
6.744658889770507812e+03
6.792624029636383057e+03
6.639678944110870361e+03
6.707416685104370117e+03
6.738546624183654785e+03
6.705231678009033203e+03
6.674070517063140869e+03
6.677950869083404541e+03
6.751061439037322998e+03
6.790452151775360107e+03
6.730209275722503662e+03
6.707484941959381104e+03
6.685407852649688721e+03
6.721648156642913818e+03
6.675003687381744385e+03
6.689700458526611328e+03
6.720422601699829102e+03
6.672836495876312256e+03
6.678001360416412354e+03
6.747513280868530273e+03
7.065135621070861816e+03
6.863457370281219482e+03
6.746238674163818359e+03
6.766539406776428223e+03
6.762396762847900391e+03
6.758786310195922852e+03
6.766805622100830078e+03
6.960814535140991211e+03
6.844749778270721436e+03
6.892639547348022461e+03
6.861796029567718506e+03
6.824374398708343506e+03
6.747033658504486084e+03
6.784841791152954102e+03
6.690866099357604980e+03
6.691249402523040771e+03
6.701068721771240234e+03
6.948353255748748779e+03
6.832046483039855957e+03
6.766102617740631104e+03
6.808023036479949951e+03
6.758920528888702393e+03
6.744828057289123535e+03
6.723715789318084717e+03
6.808569961071014404e+03
6.800161269187927246e+03
6.782760540962219238e+03
6.723589746475219727e+03
6.976449417591094971e+03
6.716073073863983154e+03
6.700156165599822998e+03
6.641334134578704834e+03
6.596511977672576904e+03
6.671379755973815918e+03
6.622496962070465088e+03
6.593249666690826416e+03
6.589065300464630127e+03
6.568449200153350830e+03
6.585599326133728027e+03
6.627275552749633789e+03
6.673664426803588867e+03
6.631370970726013184e+03
6.726076730251312256e+03
6.705674420833587646e+03
6.674708544731140137e+03
6.723429470062255859e+03
6.786177676677703857e+03
6.826206151485443115e+03
6.733156834602355957e+03
6.631899261474609375e+03
6.842363205432891846e+03
6.651263119220733643e+03
6.800345569133758545e+03
6.752992794036865234e+03
6.696014855861663818e+03
6.638995934486389160e+03
6.644129275798797607e+03
6.642021582126617432e+03
6.662356304645538330e+03
6.700860148906707764e+03
6.751657013416290283e+03
6.804944143772125244e+03
6.738547439575195312e+03
6.732835109710693359e+03
6.659413039207458496e+03
6.708051139354705811e+03
6.742423749923706055e+03
6.715103559494018555e+03
6.722836681842803955e+03
6.675457689285278320e+03
6.715536151409149170e+03
6.625426971435546875e+03
6.705927921295166016e+03
6.671811874866485596e+03
6.611068220138549805e+03
6.611935072898864746e+03
6.705229478359222412e+03
6.607404965877532959e+03
6.582265312194824219e+03
6.620774746894836426e+03
6.573154568672180176e+03
6.540391522407531738e+03
6.556508977413177490e+03
6.535719091415405273e+03
6.570339988231658936e+03
6.589508988142013550e+03
6.561132193565368652e+03
6.543134117126464844e+03
6.549203294277191162e+03
6.583156443119049072e+03
6.519978410243988037e+03
6.542095401763916016e+03
6.600632857799530029e+03
6.507024443149566650e+03
6.668519842147827148e+03
6.700949160099029541e+03
6.620675763607025146e+03
6.588175844192504883e+03
6.622901419639587402e+03
6.603093862056732178e+03
6.576810061931610107e+03
6.724791920185089111e+03
6.576483359813690186e+03
6.608439508438110352e+03
6.669314799785614014e+03
6.554001422882080078e+03
6.559944947957992554e+03
6.625569190740585327e+03
6.621140167236328125e+03
6.583279252529144287e+03
6.554674180984497070e+03
6.615967820167541504e+03
6.520497874736785889e+03
6.620288345813751221e+03
6.534564949035644531e+03
6.630445394277572632e+03
6.532300733327865601e+03
6.553438036918640137e+03
6.550365820646286011e+03
6.555455511569976807e+03
6.504474038124084473e+03
6.548452863216400146e+03
6.479150263786315918e+03
6.669096712589263916e+03
6.819042198657989502e+03
6.688946233272552490e+03
6.820126272201538086e+03
6.851283420085906982e+03
6.908400227069854736e+03
7.051970328330993652e+03
7.092073762416839600e+03
7.174861938476562500e+03
7.067064768791198730e+03
7.060391090869903564e+03
6.926002039432525635e+03
7.012859847545623779e+03
6.913209297180175781e+03
6.982229979991912842e+03
7.039510967254638672e+03
7.028269677162170410e+03
6.932050568580627441e+03
7.245916827678680420e+03
7.266673128604888916e+03
7.153303010940551758e+03
7.194749824523925781e+03
7.176212138175964355e+03
7.178012598037719727e+03
7.143535848617553711e+03
7.099808626651763916e+03
7.097797842025756836e+03
7.274674247741699219e+03
7.191165928840637207e+03
7.075448786258697510e+03
7.141781957149505615e+03
7.186065570831298828e+03
7.098160177230834961e+03
6.979010552883148193e+03
6.915359505176544189e+03
6.921348226547241211e+03
7.027264809131622314e+03
7.096711059093475342e+03
7.097337347984313965e+03
7.102305817127227783e+03
7.037513537883758545e+03
7.112579886436462402e+03
7.188138001441955566e+03
7.210677531242370605e+03
7.157008344650268555e+03
7.125164193630218506e+03
7.241011815071105957e+03
7.202402392387390137e+03
7.171611282348632812e+03
7.149720091819763184e+03
7.131017506122589111e+03
7.089232322692871094e+03
7.234750511646270752e+03
7.127195591449737549e+03
7.163933864116668701e+03
7.105616200447082520e+03
7.076253492832183838e+03
7.124665130138397217e+03
7.147955879211425781e+03
7.159298311710357666e+03
7.222437605381011963e+03
7.185268759250640869e+03
7.272470122337341309e+03
7.215361869812011719e+03
7.166177227497100830e+03
7.289437401294708252e+03
7.348139540195465088e+03
7.285112869262695312e+03
7.328838561534881592e+03
7.318327976226806641e+03
7.243958400726318359e+03
7.330664696216583252e+03
7.328369042873382568e+03
7.244090966224670410e+03
7.302533909320831299e+03
7.266933300495147705e+03
7.250061003684997559e+03
7.332667402744293213e+03
7.286233458995819092e+03
7.274287476062774658e+03
7.328658973693847656e+03
7.397846107482910156e+03
7.373662134170532227e+03
7.377875205993652344e+03
7.375837726116180420e+03
7.374282495975494385e+03
7.373083825111389160e+03
7.371695453643798828e+03
7.370515909671783447e+03
7.369295476913452148e+03
7.367928599357604980e+03
7.366252919197082520e+03
7.363970972061157227e+03
7.360532820224761963e+03
7.355520336151123047e+03
7.350924366474151611e+03
7.348116044044494629e+03
7.342362654685974121e+03
7.328705800533294678e+03
7.322723024368286133e+03
7.316371448516845703e+03
7.305953245639801025e+03
7.292405719280242920e+03
7.272771392822265625e+03
7.254505948066711426e+03
7.239449510097503662e+03
7.271677029132843018e+03
7.249051226139068604e+03
7.266706980705261230e+03
7.242971983432769775e+03
7.229657787322998047e+03
7.265654658317565918e+03
7.216451451301574707e+03
7.256700586795806885e+03
7.232422936439514160e+03
7.219251405715942383e+03
7.206766846179962158e+03
7.219207252502441406e+03
7.265324700832366943e+03
7.186085189342498779e+03
7.161848565101623535e+03
7.159157785892486572e+03
7.120571613788604736e+03
7.089463899135589600e+03
7.142009581089019775e+03
7.129498217582702637e+03
7.100781074523925781e+03
7.113819074153900146e+03
7.141717972278594971e+03
7.087903540134429932e+03
7.073171555995941162e+03
7.064069474220275879e+03
7.038653540611267090e+03
7.014431977272033691e+03
6.981418573856353760e+03
7.008951032161712646e+03
6.997288555622100830e+03
6.997602962970733643e+03
7.044641760349273682e+03
7.023294194221496582e+03
6.999457655906677246e+03
7.025008366584777832e+03
7.006453694820404053e+03
7.024460927963256836e+03
6.993686349868774414e+03
7.019373562335968018e+03
7.004854731559753418e+03
6.995301095008850098e+03
6.999532534599304199e+03
6.931955936431884766e+03
6.916622922897338867e+03
6.902442896842956543e+03
6.872177988052368164e+03
7.003384607315063477e+03
6.993540093898773193e+03
6.902242104530334473e+03
6.856266340255737305e+03
6.919464747905731201e+03
6.892532145977020264e+03
6.867807184696197510e+03
6.993949842929840088e+03
6.963876481056213379e+03
6.994488447666168213e+03
6.878345039844512939e+03
7.012306725025177002e+03
6.908761667251586914e+03
6.849586192607879639e+03
6.834127913951873779e+03
7.002824075698852539e+03
7.023124605655670166e+03
6.890860593318939209e+03
6.875987564086914062e+03
6.955674493789672852e+03
6.813924490451812744e+03
6.826674433708190918e+03
6.878664327621459961e+03
6.901087730884552002e+03
6.858795233249664307e+03
6.969202200889587402e+03
7.021716632843017578e+03
6.962655204772949219e+03
6.890723288059234619e+03
6.912582707881927490e+03
6.963059545993804932e+03
7.026210924148559570e+03
6.872777887344360352e+03
6.908355057239532471e+03
6.927640982151031494e+03
6.953843865394592285e+03
6.924391509532928467e+03
6.851579056739807129e+03
6.956379205226898193e+03
6.952127661705017090e+03
6.944987788200378418e+03
7.030570688247680664e+03
6.958046435356140137e+03
6.907246757984161377e+03
7.001188913822174072e+03
7.067241208553314209e+03
6.959805726051330566e+03
6.970205139636993408e+03
6.924212493896484375e+03
7.078229408264160156e+03
7.141998518466949463e+03
7.231133571624755859e+03
7.162928615093231201e+03
7.102913513660430908e+03
7.209279167175292969e+03
7.228776778697967529e+03
7.200332150936126709e+03
7.110763316154479980e+03
7.089277176856994629e+03
7.030726196289062500e+03
6.996921048641204834e+03
7.220430080890655518e+03
7.097295155048370361e+03
7.106633712768554688e+03
7.122352824211120605e+03
7.061218505382537842e+03
7.107074932098388672e+03
6.998057602405548096e+03
6.996330445289611816e+03
6.955276150226593018e+03
7.076801397800445557e+03
7.015905551910400391e+03
7.044574055671691895e+03
7.159378681182861328e+03
7.029936131954193115e+03
7.087259500503540039e+03
7.036803395271301270e+03
7.125820904254913330e+03
7.205823620319366455e+03
7.208996362686157227e+03
7.215130814552307129e+03
7.172138677120208740e+03
7.214783010482788086e+03
7.162745512962341309e+03
7.169660965442657471e+03
7.108173170089721680e+03
7.093532070159912109e+03
7.102783404827117920e+03
7.130390569686889648e+03
7.053294623851776123e+03
6.980628548145294189e+03
7.021057745456695557e+03
7.018128235816955566e+03
6.988801524639129639e+03
7.122392262935638428e+03
6.979960041522979736e+03
7.036121572971343994e+03
7.001014572620391846e+03
6.895148365497589111e+03
6.905587157726287842e+03
7.051921136856079102e+03
6.934070343971252441e+03
7.001383404731750488e+03
6.990531733512878418e+03
6.924587914943695068e+03
6.966700082778930664e+03
6.901816264152526855e+03
7.018086343765258789e+03
6.950420684814453125e+03
7.058070183753967285e+03
7.108996499538421631e+03
7.184354142189025879e+03
7.082987166404724121e+03
7.009270235061645508e+03
7.239186977386474609e+03
6.974663017272949219e+03
7.084040540218353271e+03
6.953610994338989258e+03
6.985920526504516602e+03
6.944645778179168701e+03
6.949807667255401611e+03
7.018023014068603516e+03
7.058343839168548584e+03
6.955742393493652344e+03
7.013430871963500977e+03
6.906793335437774658e+03
7.117165334224700928e+03
7.036083792686462402e+03
6.956378489017486572e+03
6.963346184730529785e+03
6.948717077255249023e+03
6.949922911643981934e+03
7.017900760173797607e+03
7.003254034042358398e+03
6.990837899684906006e+03
6.940736388206481934e+03
7.001007980823516846e+03
7.092805751323699951e+03
7.100767622947692871e+03
7.202263070106506348e+03
7.193166007041931152e+03
7.037618988990783691e+03
7.024447344779968262e+03
6.924078311920166016e+03
7.132602345466613770e+03
6.947210029125213623e+03
6.999375173568725586e+03
7.043248632907867432e+03
7.001460047721862793e+03
7.001393861293792725e+03
6.949869940757751465e+03
7.118682266235351562e+03
6.954554733276367188e+03
6.941443288326263428e+03
6.981129302501678467e+03
6.981472332954406738e+03
6.928268356800079346e+03
6.919486090183258057e+03
6.923785156726837158e+03
6.986952401638031006e+03
6.932920261383056641e+03
6.869574664592742920e+03
6.942777880668640137e+03
6.810392471313476562e+03
7.003907022953033447e+03
6.882808373928070068e+03
6.866470337390899658e+03
6.949078247070312500e+03
6.965991324901580811e+03
6.836848369121551514e+03
6.954059597969055176e+03
6.992395946979522705e+03
6.972060008049011230e+03
6.881917655944824219e+03
6.824328995704650879e+03
6.948963386535644531e+03
6.903244228839874268e+03
6.841756099700927734e+03
7.085220382213592529e+03
6.882588863372802734e+03
7.004095240116119385e+03
6.968201796054840088e+03
7.185706249237060547e+03
7.075391546726226807e+03
6.986636857032775879e+03
6.929447245597839355e+03
6.862308342933654785e+03
6.805272113323211670e+03
6.820994211673736572e+03
6.933883848190307617e+03
6.809530444145202637e+03
6.928561622142791748e+03
6.831873723030090332e+03
7.009549770832061768e+03
6.907861394882202148e+03
6.911015011787414551e+03
6.893517630577087402e+03
6.844850481986999512e+03
6.941978780746459961e+03
7.030942255496978760e+03
6.978200188159942627e+03
6.974915195941925049e+03
7.063530108928680420e+03
6.940904134273529053e+03
6.908095930099487305e+03
6.864093793869018555e+03
7.185183574199676514e+03
7.147051985740661621e+03
6.994101563930511475e+03
7.052099764347076416e+03
7.130555182933807373e+03
7.114812681674957275e+03
7.356009253978729248e+03
7.278183021545410156e+03
7.270729625225067139e+03
7.250308473110198975e+03
7.268604596614837646e+03
7.399550320625305176e+03
7.367308768749237061e+03
7.345931064128875732e+03
7.334730892658233643e+03
7.324906971931457520e+03
7.317112477302551270e+03
7.309285256862640381e+03
7.299136572360992432e+03
7.292238168239593506e+03
7.281062117099761963e+03
7.269066135406494141e+03
7.258516712665557861e+03
7.250410373687744141e+03
7.239213774681091309e+03
7.222258544921875000e+03
7.206609118461608887e+03
7.189636581420898438e+03
7.177570012569427490e+03
7.147701280593872070e+03
7.141596431255340576e+03
7.093858034610748291e+03
7.114658778190612793e+03
7.081145686626434326e+03
7.033536433696746826e+03
6.980639559745788574e+03
7.001945722103118896e+03
6.943055432319641113e+03
6.996290970325469971e+03
7.027517432212829590e+03
7.049185630321502686e+03
7.065470819473266602e+03
7.150991100788116455e+03
7.005934124469757080e+03
7.129431880474090576e+03
6.993262106895446777e+03
7.052218450069427490e+03
7.174974915981292725e+03
7.193435946464538574e+03
7.134102307319641113e+03
7.139509593963623047e+03
7.033250671386718750e+03
7.099534471988677979e+03
7.085292479515075684e+03
7.287631053447723389e+03
7.209832810401916504e+03
7.138455052375793457e+03
7.107593363285064697e+03
7.130398972988128662e+03
7.005278180122375488e+03
7.004045830726623535e+03
6.973364548206329346e+03
7.399499239444732666e+03
7.374606187820434570e+03
7.308535442829132080e+03
7.154070953845977783e+03
7.052750627040863037e+03
7.186906071186065674e+03
7.132387924671173096e+03
7.141334751129150391e+03
6.996773947238922119e+03
7.146385138511657715e+03
7.113483158111572266e+03
7.125922120571136475e+03
7.159942810058593750e+03
7.225878198623657227e+03
7.134123155593872070e+03
7.111614267826080322e+03
7.104222642898559570e+03
7.074987593173980713e+03
7.135460439682006836e+03
7.028801351070404053e+03
7.106266973018646240e+03
7.091302775382995605e+03
7.077838766098022461e+03
7.070250217437744141e+03
7.167522222042083740e+03
7.254868759632110596e+03
7.035685819149017334e+03
7.152957658767700195e+03
7.139142343044281006e+03
7.163640162467956543e+03
7.077544515132904053e+03
7.062433352947235107e+03
7.092803972244262695e+03
7.045327202320098877e+03
7.178410934925079346e+03
7.049468250274658203e+03
7.199365337848663330e+03
7.206147095680236816e+03
7.051873895168304443e+03
7.206620643615722656e+03
7.106419956684112549e+03
7.115502472877502441e+03
7.146106054306030273e+03
7.029179780483245850e+03
7.039425872802734375e+03
7.211831745624542236e+03
7.169308551788330078e+03
7.187406513690948486e+03
7.017956344127655029e+03
7.112380156040191650e+03
7.130525765419006348e+03
7.093371799945831299e+03
7.114763286590576172e+03
7.154720564365386963e+03
7.167533846855163574e+03
7.045975476264953613e+03
6.998927013874053955e+03
7.033306498527526855e+03
7.250784094810485840e+03
7.305786972999572754e+03
7.249000588417053223e+03
7.182840827465057373e+03
7.168733870506286621e+03
7.182685878276824951e+03
7.186742300510406494e+03
7.167634793758392334e+03
7.139421344757080078e+03
7.084646642208099365e+03
7.152566914081573486e+03
7.319265076637268066e+03
7.262798050880432129e+03
7.178159683227539062e+03
7.136825741767883301e+03
7.110867465496063232e+03
7.061756672859191895e+03
7.118949788570404053e+03
7.086268207073211670e+03
7.079540324687957764e+03
7.160944509029388428e+03
7.169134419441223145e+03
7.136067321777343750e+03
7.118459387302398682e+03
7.121363127231597900e+03
7.216401774406433105e+03
7.265703932762145996e+03
7.149696776866912842e+03
7.140974872112274170e+03
7.170205117702484131e+03
7.118389428138732910e+03
7.081219039916992188e+03
7.042499049186706543e+03
7.045763348102569580e+03
7.090060067176818848e+03
7.043997932910919189e+03
7.056366386890411377e+03
7.029483222961425781e+03
7.023393157958984375e+03
7.014599502086639404e+03
6.955446748733520508e+03
7.138040202617645264e+03
7.038325751781463623e+03
7.031921339035034180e+03
7.087856550216674805e+03
