5.294532999992370605e+02
5.279127287864685059e+02
5.263091201782226562e+02
5.245892558097839355e+02
5.227225646972656250e+02
5.207147011756896973e+02
5.186258401870727539e+02
5.165784053802490234e+02
5.147227730751037598e+02
5.131518802642822266e+02
5.118425002098083496e+02
5.107036747932434082e+02
5.096623086929321289e+02
5.086894121170043945e+02
5.077829742431640625e+02
5.069495639801025391e+02
5.061952805519104004e+02
5.055226149559020996e+02
5.049300069808959961e+02
5.044127430915832520e+02
5.039640851020812988e+02
5.035764927864074707e+02
5.032423195838928223e+02
5.029543156623840332e+02
5.027058753967285156e+02
5.024910616874694824e+02
5.023046841621398926e+02
5.021422786712646484e+02
5.020000171661376953e+02
5.018746676445007324e+02
5.017635378837585449e+02
5.016643424034118652e+02
5.015752310752868652e+02
5.014945979118347168e+02
5.014211578369140625e+02
5.013538217544555664e+02
5.012916617393493652e+02
5.012339177131652832e+02
5.011799283027648926e+02
5.011291513442993164e+02
5.010810976028442383e+02
5.010353460311889648e+02
5.009915809631347656e+02
5.009494609832763672e+02
5.009087166786193848e+02
5.008691287040710449e+02
5.008304438591003418e+02
5.007925014495849609e+02
5.007551193237304688e+02
5.007181324958801270e+02
5.006813983917236328e+02
5.006447691917419434e+02
5.006081252098083496e+02
5.005713491439819336e+02
5.005343127250671387e+02
5.004969162940979004e+02
5.004590301513671875e+02
5.004205579757690430e+02
5.003813695907592773e+02
5.003413329124450684e+02
5.003003516197204590e+02
5.002582755088806152e+02
5.002149748802185059e+02
5.001702656745910645e+02
5.001240339279174805e+02
5.000760674476623535e+02
5.000261807441711426e+02
4.999741754531860352e+02
4.999198174476623535e+02
4.998628492355346680e+02
4.998030028343200684e+02
4.997399773597717285e+02
4.996734600067138672e+02
4.996030898094177246e+02
4.995284805297851562e+02
4.994492306709289551e+02
4.993648700714111328e+02
4.992748866081237793e+02
4.991787118911743164e+02
4.990756082534790039e+02
4.989647150039672852e+02
4.988448996543884277e+02
4.987147946357727051e+02
4.985728621482849121e+02
4.984177985191345215e+02
4.982493033409118652e+02
4.980685005187988281e+02
4.978773636817932129e+02
4.976781053543090820e+02
4.974737315177917480e+02
4.972668523788452148e+02
4.970519838333129883e+02
4.968378744125366211e+02
4.966175684928894043e+02
4.964076371192932129e+02
4.961789517402648926e+02
4.963871107101440430e+02
4.957091870307922363e+02
4.964311251640319824e+02
4.956324234008789062e+02
4.950185918807983398e+02
4.946133346557617188e+02
4.945885725021362305e+02
4.954223861694335938e+02
4.966341900825500488e+02
4.956098833084106445e+02
4.951793055534362793e+02
4.948076233863830566e+02
4.944490413665771484e+02
4.940915246009826660e+02
4.937105402946472168e+02
4.933897395133972168e+02
4.931018972396850586e+02
4.927711257934570312e+02
4.922723674774169922e+02
4.924473018646240234e+02
4.917482881546020508e+02
4.939132618904113770e+02
4.922094798088073730e+02
4.913394169807434082e+02
4.907326965332031250e+02
4.906702985763549805e+02
4.900695328712463379e+02
5.002684741020202637e+02
5.036142196655273438e+02
4.997242774963378906e+02
4.984166841506958008e+02
4.976317763328552246e+02
4.967473306655883789e+02
4.966375532150268555e+02
4.967718930244445801e+02
4.956128120422363281e+02
4.950404901504516602e+02
4.944957427978515625e+02
4.939557080268859863e+02
4.937473073005676270e+02
4.933149833679199219e+02
4.940522975921630859e+02
4.925494990348815918e+02
4.931132731437683105e+02
4.920260615348815918e+02
4.907511529922485352e+02
4.903058490753173828e+02
4.913085894584655762e+02
4.945572729110717773e+02
4.909687523841857910e+02
4.895230560302734375e+02
4.890456929206848145e+02
4.879525470733642578e+02
4.876616206169128418e+02
4.869893097877502441e+02
4.866159181594848633e+02
4.861782350540161133e+02
4.860137124061584473e+02
4.849895515441894531e+02
4.880652551651000977e+02
4.855129117965698242e+02
4.842659931182861328e+02
4.839544181823730469e+02
4.868110780715942383e+02
4.831116805076599121e+02
4.839004297256469727e+02
4.837369236946105957e+02
4.817707180976867676e+02
4.843174395561218262e+02
4.810725898742675781e+02
4.805283823013305664e+02
4.815110282897949219e+02
4.787018465995788574e+02
4.777219429016113281e+02
4.775153193473815918e+02
4.806471581459045410e+02
4.825709238052368164e+02
4.841566143035888672e+02
4.820805397033691406e+02
4.775931415557861328e+02
4.910826592445373535e+02
4.889492864608764648e+02
4.817837748527526855e+02
4.890681719779968262e+02
4.964419798851013184e+02
4.885432982444763184e+02
4.849392518997192383e+02
4.829924669265747070e+02
4.816743383407592773e+02
4.808066697120666504e+02
4.794506702423095703e+02
4.780599927902221680e+02
4.775847153663635254e+02
4.853297481536865234e+02
4.807482414245605469e+02
4.787984247207641602e+02
4.752988739013671875e+02
4.734058976173400879e+02
4.727448511123657227e+02
4.729861540794372559e+02
4.775563850402832031e+02
4.723438668251037598e+02
4.707730712890625000e+02
4.711005916595458984e+02
4.718189229965209961e+02
4.716316652297973633e+02
4.685650830268859863e+02
4.724477419853210449e+02
4.675941948890686035e+02
4.666563324928283691e+02
4.692724914550781250e+02
4.648846750259399414e+02
4.656302325725555420e+02
4.634479351043701172e+02
4.624694278240203857e+02
4.620271143913269043e+02
4.633206295967102051e+02
4.617510862350463867e+02
4.598116214275360107e+02
4.770187828540802002e+02
4.767461438179016113e+02
4.746889252662658691e+02
4.819521512985229492e+02
4.763098354339599609e+02
4.707172894477844238e+02
4.713297739028930664e+02
4.694841756820678711e+02
4.657913289070129395e+02
4.669386482238769531e+02
4.642487220764160156e+02
4.627145645618438721e+02
4.636382131576538086e+02
4.625529212951660156e+02
4.605229716300964355e+02
4.569160747528076172e+02
4.677135529518127441e+02
4.630501708984375000e+02
4.588472154140472412e+02
4.783810009956359863e+02
4.794486312866210938e+02
4.666726975440979004e+02
4.818889513015747070e+02
4.772527394294738770e+02
4.689721326828002930e+02
4.674733214378356934e+02
4.828912858963012695e+02
4.933258104324340820e+02
4.850544767379760742e+02
4.777443046569824219e+02
4.734298181533813477e+02
4.710375175476074219e+02
4.716893205642700195e+02
4.673997764587402344e+02
4.656323790550231934e+02
4.731015357971191406e+02
4.695616104602813721e+02
4.664488525390625000e+02
4.636976704597473145e+02
4.692950673103332520e+02
4.619280023574829102e+02
4.577187016010284424e+02
4.560922503471374512e+02
4.566304373741149902e+02
4.615577256679534912e+02
4.596744403839111328e+02
4.561204323768615723e+02
4.619438443183898926e+02
4.650353059768676758e+02
4.607320888042449951e+02
4.737897710800170898e+02
4.630338492393493652e+02
4.680697612762451172e+02
4.561573669910430908e+02
4.631109149456024170e+02
4.590916774272918701e+02
4.769932711124420166e+02
4.710783874988555908e+02
4.682925796508789062e+02
4.606306715011596680e+02
4.560625722408294678e+02
4.543219387531280518e+02
4.544168381690979004e+02
4.604407610893249512e+02
4.529951806068420410e+02
4.503858158588409424e+02
4.472582852840423584e+02
4.555999760627746582e+02
4.680930767059326172e+02
4.578341581821441650e+02
4.635762555599212646e+02
4.558388497829437256e+02
4.617186605930328369e+02
4.647460989952087402e+02
4.585673692226409912e+02
4.507645986080169678e+02
4.545364696979522705e+02
4.514889342784881592e+02
4.507060134410858154e+02
4.510720896720886230e+02
4.467929542064666748e+02
4.438165795803070068e+02
4.430652468204498291e+02
4.457011640071868896e+02
4.616726851463317871e+02
4.467155277729034424e+02
4.523337361812591553e+02
4.449686605930328369e+02
4.402901074886322021e+02
4.423041989803314209e+02
4.408230917453765869e+02
4.461403124332427979e+02
4.621425750255584717e+02
4.624923653602600098e+02
4.675263836383819580e+02
4.686268994808197021e+02
4.515863258838653564e+02
4.468329370021820068e+02
4.435694208145141602e+02
4.386019194126129150e+02
4.370219659805297852e+02
4.413087379932403564e+02
4.386661393642425537e+02
4.432250759601593018e+02
4.406496253013610840e+02
4.419734477996826172e+02
4.389664142131805420e+02
4.338689272403717041e+02
4.332259626388549805e+02
4.420558404922485352e+02
4.317931590080261230e+02
4.343351225852966309e+02
4.322487215995788574e+02
4.367786793708801270e+02
4.326879286766052246e+02
4.302786421775817871e+02
4.297560575008392334e+02
4.343914117813110352e+02
4.306675000190734863e+02
4.350548536777496338e+02
4.381079912185668945e+02
4.368024110794067383e+02
4.329032568931579590e+02
4.619217493534088135e+02
4.910832047462463379e+02
4.804203884601593018e+02
4.684543802738189697e+02
4.717298951148986816e+02
4.601045918464660645e+02
4.568523552417755127e+02
4.519345128536224365e+02
4.463241245746612549e+02
4.430759620666503906e+02
4.393849415779113770e+02
4.365579090118408203e+02
4.386972742080688477e+02
4.424734046459197998e+02
4.759802134037017822e+02
4.578914310932159424e+02
4.496782472133636475e+02
4.422978825569152832e+02
4.389487447738647461e+02
4.334896423816680908e+02
4.405536558628082275e+02
4.384275476932525635e+02
4.355184359550476074e+02
4.500877380371093750e+02
4.461077964305877686e+02
4.397959771156311035e+02
4.307247714996337891e+02
4.275754439830780029e+02
4.251009249687194824e+02
4.252054126262664795e+02
4.266376402378082275e+02
4.312214908599853516e+02
4.314403710365295410e+02
4.288162231445312500e+02
4.254221794605255127e+02
4.273808801174163818e+02
4.534067909717559814e+02
4.729425082206726074e+02
4.609079186916351318e+02
4.439871618747711182e+02
4.408288457393646240e+02
4.366836829185485840e+02
4.318263993263244629e+02
4.279507722854614258e+02
4.302405345439910889e+02
4.292003703117370605e+02
4.246233215332031250e+02
4.281089117527008057e+02
4.366167633533477783e+02
4.574729883670806885e+02
4.550248701572418213e+02
4.447642781734466553e+02
4.399534416198730469e+02
4.399243538379669189e+02
4.330326867103576660e+02
4.293541526794433594e+02
4.471988189220428467e+02
4.700095076560974121e+02
4.521346626281738281e+02
4.445368766784667969e+02
4.374166774749755859e+02
4.320538439750671387e+02
4.294350862503051758e+02
4.282292611598968506e+02
4.267069792747497559e+02
4.252994024753570557e+02
4.244432008266448975e+02
4.211511135101318359e+02
4.243213975429534912e+02
4.242195837497711182e+02
4.232678980827331543e+02
4.224013938903808594e+02
5.024128105640411377e+02
4.755052437782287598e+02
4.649050459861755371e+02
4.586422364711761475e+02
4.540371189117431641e+02
4.520844631195068359e+02
4.503087263107299805e+02
4.520792620182037354e+02
4.583770432472229004e+02
4.603162007331848145e+02
4.526655163764953613e+02
4.476552195549011230e+02
4.506035099029541016e+02
4.418845984935760498e+02
4.461604702472686768e+02
4.383019735813140869e+02
4.347968051433563232e+02
4.343798243999481201e+02
4.309472496509552002e+02
4.329100210666656494e+02
4.377427096366882324e+02
4.410643448829650879e+02
4.572877497673034668e+02
4.434857461452484131e+02
4.429247345924377441e+02
4.402063727378845215e+02
4.381551361083984375e+02
4.379247918128967285e+02
4.352383153438568115e+02
4.355020337104797363e+02
4.289611911773681641e+02
4.335937504768371582e+02
4.367929675579071045e+02
4.603305480480194092e+02
4.471321415901184082e+02
4.375906610488891602e+02
4.364535863399505615e+02
4.311758556365966797e+02
4.561716053485870361e+02
4.425428872108459473e+02
4.342414307594299316e+02
4.310131781101226807e+02
4.504108822345733643e+02
4.467680459022521973e+02
4.784667706489562988e+02
4.659701044559478760e+02
4.539622714519500732e+02
4.486514542102813721e+02
4.514289255142211914e+02
4.427244291305541992e+02
4.354943680763244629e+02
4.508572683334350586e+02
4.389091861248016357e+02
4.414768180847167969e+02
4.300465734004974365e+02
4.263507933616638184e+02
4.282977192401885986e+02
4.259121763706207275e+02
4.382564494609832764e+02
4.702822763919830322e+02
4.641190414428710938e+02
4.582980966567993164e+02
4.691898481845855713e+02
4.544382665157318115e+02
4.508915920257568359e+02
4.473784201145172119e+02
4.583565661907196045e+02
4.655662016868591309e+02
4.547668418884277344e+02
4.460417697429656982e+02
4.424681656360626221e+02
4.411090831756591797e+02
4.400933485031127930e+02
4.423740162849426270e+02
4.406550230979919434e+02
4.405557925701141357e+02
4.478215651512145996e+02
4.435932359695434570e+02
4.408860263824462891e+02
4.336676952838897705e+02
4.295689795017242432e+02
4.406267180442810059e+02
4.351349408626556396e+02
4.343620836734771729e+02
4.508105063438415527e+02
4.390239236354827881e+02
4.346100351810455322e+02
4.306334028244018555e+02
4.244820876121520996e+02
4.237021191120147705e+02
4.302321627140045166e+02
4.204915156364440918e+02
4.192092156410217285e+02
4.675279846191406250e+02
4.636094255447387695e+02
4.604937250614166260e+02
4.534763529300689697e+02
4.508622169494628906e+02
4.565695965290069580e+02
4.557410483360290527e+02
4.500709874629974365e+02
4.409741170406341553e+02
4.343434243202209473e+02
4.319570033550262451e+02
4.358270905017852783e+02
4.299414525032043457e+02
4.404123241901397705e+02
4.416326889991760254e+02
4.354842495918273926e+02
4.440368118286132812e+02
4.386352102756500244e+02
4.293884646892547607e+02
4.327500939369201660e+02
4.303220417499542236e+02
4.227443146705627441e+02
4.233305008411407471e+02
4.230651304721832275e+02
4.169448568820953369e+02
4.163547246456146240e+02
4.178864774703979492e+02
4.795322868824005127e+02
4.812583360671997070e+02
4.668694205284118652e+02
4.597683954238891602e+02
4.560132882595062256e+02
4.562631418704986572e+02
4.654788751602172852e+02
4.567552797794342041e+02
4.491656384468078613e+02
4.458647756576538086e+02
4.465919589996337891e+02
4.526646041870117188e+02
4.470464956760406494e+02
4.574898836612701416e+02
4.520814704895019531e+02
4.443879129886627197e+02
4.709962799549102783e+02
4.697699270248413086e+02
4.598982779979705811e+02
4.568312938213348389e+02
4.517036898136138916e+02
4.491458661556243896e+02
4.462831349372863770e+02
4.442485146522521973e+02
4.411712892055511475e+02
4.392556345462799072e+02
4.379475779533386230e+02
4.368791646957397461e+02
4.351404421329498291e+02
4.377350299358367920e+02
4.331848433017730713e+02
4.305267217159271240e+02
4.328777205944061279e+02
4.342246675491333008e+02
4.333307955265045166e+02
4.290175566673278809e+02
4.277332775592803955e+02
4.252437229156494141e+02
4.379615435600280762e+02
4.427365715503692627e+02
4.383188114166259766e+02
4.381930518150329590e+02
4.458870484828948975e+02
4.500785508155822754e+02
4.500097692012786865e+02
4.439067728519439697e+02
4.400336439609527588e+02
4.463832821846008301e+02
4.485576498508453369e+02
4.711223473548889160e+02
4.733019208908081055e+02
4.590599234104156494e+02
4.521817848682403564e+02
4.485911884307861328e+02
4.434579844474792480e+02
4.431445689201354980e+02
4.464144759178161621e+02
4.995795049667358398e+02
4.781011338233947754e+02
4.680035965442657471e+02
4.685174446105957031e+02
4.804863939285278320e+02
4.702558069229125977e+02
4.619689273834228516e+02
4.579262170791625977e+02
4.504549245834350586e+02
4.461641416549682617e+02
4.448166058063507080e+02
4.441691725254058838e+02
4.473029437065124512e+02
4.417858293056488037e+02
4.393160943984985352e+02
4.400289452075958252e+02
4.403088285923004150e+02
4.411368145942687988e+02
4.305024592876434326e+02
4.358880529403686523e+02
4.313509142398834229e+02
4.348498897552490234e+02
4.321875135898590088e+02
4.400791270732879639e+02
4.295335485935211182e+02
4.269866096973419189e+02
4.418895173072814941e+02
4.543461229801177979e+02
4.449617626667022705e+02
4.537774147987365723e+02
4.447775449752807617e+02
4.368039522171020508e+02
4.322384903430938721e+02
4.297695744037628174e+02
4.410198073387145996e+02
4.303030011653900146e+02
4.242366557121276855e+02
4.196879959106445312e+02
4.250720670223236084e+02
4.226888887882232666e+02
4.330001757144927979e+02
4.633860270977020264e+02
4.651929726600646973e+02
4.528912956714630127e+02
4.510886883735656738e+02
4.401235034465789795e+02
4.374027407169342041e+02
4.348979976177215576e+02
4.306448488235473633e+02
4.303125917911529541e+02
4.327816894054412842e+02
4.297331442832946777e+02
4.251341688632965088e+02
4.234698638916015625e+02
4.233689236640930176e+02
4.219364290237426758e+02
4.184787590503692627e+02
4.195300331115722656e+02
4.174012136459350586e+02
4.139527418613433838e+02
4.331976776123046875e+02
4.405403759479522705e+02
4.299260616302490234e+02
4.253480336666107178e+02
4.186389160156250000e+02
4.138506128787994385e+02
4.111232657432556152e+02
4.090709218978881836e+02
4.276382627487182617e+02
4.517262935638427734e+02
4.401309738159179688e+02
4.317021131515502930e+02
4.299981889724731445e+02
4.252926876544952393e+02
4.268194105625152588e+02
4.326251022815704346e+02
4.663602719306945801e+02
4.680838396549224854e+02
4.514370348453521729e+02
4.423362891674041748e+02
4.407966284751892090e+02
4.376426026821136475e+02
4.372154319286346436e+02
4.443730537891387939e+02
4.304234051704406738e+02
4.295270483493804932e+02
4.269415886402130127e+02
4.229131615161895752e+02
4.219328079223632812e+02
4.203962032794952393e+02
4.210499067306518555e+02
4.205805046558380127e+02
4.138039793968200684e+02
4.136791329383850098e+02
4.121176023483276367e+02
4.199693787097930908e+02
4.138932123184204102e+02
4.065849089622497559e+02
4.142150354385375977e+02
4.072326912879943848e+02
4.023176240921020508e+02
4.078709292411804199e+02
4.314310953617095947e+02
4.227241499423980713e+02
4.128037416934967041e+02
4.071943945884704590e+02
4.036565096378326416e+02
4.002727622985839844e+02
3.968632707595825195e+02
3.959243898391723633e+02
3.944937977790832520e+02
3.930832269191741943e+02
4.182113249301910400e+02
4.379402003288269043e+02
4.191013171672821045e+02
4.105654864311218262e+02
4.044671666622161865e+02
4.025576202869415283e+02
3.989196205139160156e+02
4.018537585735321045e+02
4.009816021919250488e+02
4.058118572235107422e+02
3.978919987678527832e+02
3.933972015380859375e+02
3.954517168998718262e+02
4.016157126426696777e+02
3.937727437019348145e+02
3.953213305473327637e+02
3.890486283302307129e+02
3.866783828735351562e+02
3.865551712512969971e+02
3.845283727645874023e+02
3.830980529785156250e+02
3.823274838924407959e+02
3.808869719505310059e+02
3.803154263496398926e+02
3.838822073936462402e+02
3.804685177803039551e+02
3.809025802612304688e+02
3.798786289691925049e+02
4.030407783985137939e+02
4.010175845623016357e+02
3.926209063529968262e+02
3.856654589176177979e+02
3.841008422374725342e+02
3.820104706287384033e+02
4.281813156604766846e+02
4.098491094112396240e+02
3.974232077598571777e+02
3.942446570396423340e+02
3.940872828960418701e+02
3.842283933162689209e+02
3.795569531917572021e+02
3.781064774990081787e+02
3.769479391574859619e+02
3.756136147975921631e+02
3.736149847507476807e+02
3.729338445663452148e+02
3.746463305950164795e+02
3.715556271076202393e+02
3.719259371757507324e+02
3.923913922309875488e+02
4.163409466743469238e+02
4.164891059398651123e+02
3.983258845806121826e+02
3.928323106765747070e+02
3.953991229534149170e+02
4.043463907241821289e+02
3.895597908496856689e+02
4.130212080478668213e+02
4.282340974807739258e+02
4.649771258831024170e+02
4.380910933017730713e+02
4.332951591014862061e+02
4.318606305122375488e+02
4.265889813899993896e+02
4.355600132942199707e+02
4.323581800460815430e+02
4.296433475017547607e+02
4.159173734188079834e+02
4.065590980052947998e+02
3.995781493186950684e+02
3.976086351871490479e+02
3.988924143314361572e+02
4.052269110679626465e+02
4.208898646831512451e+02
4.029265339374542236e+02
3.955302035808563232e+02
3.990196571350097656e+02
4.282858891487121582e+02
4.169824924468994141e+02
4.180564208030700684e+02
4.069443640708923340e+02
4.021857528686523438e+02
4.048685886859893799e+02
4.403120751380920410e+02
4.491342277526855469e+02
4.931837065219879150e+02
4.720922088623046875e+02
4.523487017154693604e+02
4.433115587234497070e+02
4.427584042549133301e+02
4.421656327247619629e+02
4.386690936088562012e+02
4.629936108589172363e+02
4.521729006767272949e+02
4.413376693725585938e+02
4.330930957794189453e+02
4.271918518543243408e+02
4.369040710926055908e+02
4.389755415916442871e+02
4.497676482200622559e+02
4.664855155944824219e+02
4.550706429481506348e+02
4.693251082897186279e+02
4.630567698478698730e+02
4.650189044475555420e+02
4.526146628856658936e+02
4.501931872367858887e+02
4.428408942222595215e+02
4.369104270935058594e+02
4.314818103313446045e+02
4.236779713630676270e+02
4.161186728477478027e+02
4.161680455207824707e+02
4.201003611087799072e+02
4.143417418003082275e+02
4.084296088218688965e+02
4.088670315742492676e+02
4.236416993141174316e+02
4.069611051082611084e+02
4.022455201148986816e+02
3.976249091625213623e+02
3.964099814891815186e+02
3.958514158725738525e+02
3.918172342777252197e+02
3.909605658054351807e+02
3.892510445117950439e+02
4.147211000919342041e+02
4.239919857978820801e+02
4.228303244113922119e+02
4.103017058372497559e+02
4.045063877105712891e+02
4.039883258342742920e+02
4.027459461688995361e+02
4.013569743633270264e+02
4.048263864517211914e+02
4.013197748661041260e+02
4.842909212112426758e+02
4.509515845775604248e+02
4.364183897972106934e+02
4.281541166305541992e+02
4.232490241527557373e+02
4.180549459457397461e+02
4.146410870552062988e+02
4.158469250202178955e+02
4.185949499607086182e+02
4.130189039707183838e+02
4.082823786735534668e+02
4.026874265670776367e+02
3.998290770053863525e+02
3.960861742496490479e+02
3.945572099685668945e+02
3.966251113414764404e+02
3.940438411235809326e+02
3.915819628238677979e+02
3.892057490348815918e+02
3.881012501716613770e+02
3.953082075119018555e+02
4.064070103168487549e+02
4.098740236759185791e+02
4.755774292945861816e+02
4.668040788173675537e+02
4.475001320838928223e+02
4.535812213420867920e+02
4.945168313980102539e+02
4.759914917945861816e+02
4.628720738887786865e+02
4.549082093238830566e+02
4.472242383956909180e+02
4.421519291400909424e+02
4.384387195110321045e+02
4.354314558506011963e+02
4.312745304107666016e+02
4.275771520137786865e+02
4.316304738521575928e+02
4.277534737586975098e+02
4.473962290287017822e+02
4.444534738063812256e+02
4.393656177520751953e+02
4.302463119029998779e+02
4.335876488685607910e+02
4.300293340682983398e+02
4.369430992603302002e+02
4.545608279705047607e+02
4.439707624912261963e+02
4.348098948001861572e+02
4.405211977958679199e+02
4.330195169448852539e+02
4.291309137344360352e+02
4.399703717231750488e+02
4.342955529689788818e+02
4.284830951690673828e+02
4.260731844902038574e+02
4.312177948951721191e+02
4.429342041015625000e+02
4.353235466480255127e+02
4.334282371997833252e+02
4.200450191497802734e+02
4.184552631378173828e+02
4.362304587364196777e+02
4.458673560619354248e+02
4.613492984771728516e+02
4.428883483409881592e+02
4.318509471416473389e+02
4.228802213668823242e+02
4.178678832054138184e+02
4.329095904827117920e+02
4.167558119297027588e+02
4.128477993011474609e+02
4.340137772560119629e+02
4.269951310157775879e+02
4.357596430778503418e+02
4.214929230213165283e+02
4.118279051780700684e+02
4.073654789924621582e+02
4.405480668544769287e+02
4.602599952220916748e+02
4.378816576004028320e+02
4.322025790214538574e+02
4.254860148429870605e+02
4.148175222873687744e+02
4.155919094085693359e+02
4.340199191570281982e+02
4.241102957725524902e+02
4.147170984745025635e+02
4.089036049842834473e+02
4.087658460140228271e+02
4.081209290027618408e+02
4.013568208217620850e+02
4.000349576473236084e+02
3.974024875164031982e+02
3.975132243633270264e+02
3.933746960163116455e+02
3.929696400165557861e+02
3.908738477230072021e+02
3.897172238826751709e+02
3.879999063014984131e+02
3.867406139373779297e+02
3.858571951389312744e+02
3.847383589744567871e+02
3.833952736854553223e+02
3.825941305160522461e+02
3.822119996547698975e+02
3.816992695331573486e+02
4.496826355457305908e+02
4.427889716625213623e+02
4.232334356307983398e+02
4.179813027381896973e+02
4.071769621372222900e+02
4.470834317207336426e+02
4.420520350933074951e+02
4.265004906654357910e+02
4.155498690605163574e+02
4.111094145774841309e+02
4.097503514289855957e+02
4.043634536266326904e+02
4.017859337329864502e+02
3.974519329071044922e+02
3.989697260856628418e+02
3.993690514564514160e+02
3.930358083248138428e+02
3.906232931613922119e+02
3.897931139469146729e+02
3.868118958473205566e+02
3.849357373714447021e+02
3.840135204792022705e+02
3.814634945392608643e+02
3.802952888011932373e+02
3.793825054168701172e+02
3.999476745128631592e+02
3.948632378578186035e+02
3.854346644878387451e+02
3.811519804000854492e+02
3.794774177074432373e+02
3.829115138053894043e+02
3.853538513183593750e+02
3.816991698741912842e+02
3.792970674037933350e+02
3.752567787170410156e+02
3.734633095264434814e+02
3.720340492725372314e+02
3.770227739810943604e+02
3.781802077293395996e+02
3.753977160453796387e+02
3.722205629348754883e+02
3.909455444812774658e+02
3.770320217609405518e+02
3.740086200237274170e+02
3.703312287330627441e+02
3.685924310684204102e+02
3.673493330478668213e+02
3.663779656887054443e+02
3.659547753334045410e+02
3.667396869659423828e+02
3.709159827232360840e+02
3.664582600593566895e+02
3.851336717605590820e+02
4.114922461509704590e+02
4.390742051601409912e+02
4.140470738410949707e+02
4.005321052074432373e+02
4.211616857051849365e+02
