1.727760210633277893e-02 1.145900607109069824e+00 1.278506964445114136e-02 1.878184452652931213e-02
5.491671562194824219e+00 5.522545623779296875e+01 1.416201114654541016e+00 6.461164355278015137e-02
1.884291458129882812e+01 7.350764423608779907e-02 1.185358092188835144e-01 5.977746844291687012e-02
1.043194532394409180e-01 3.219970688223838806e-02 4.085660353302955627e-02 1.449525237083435059e+00
4.194766283035278320e-02 2.019080147147178650e-02 3.593606129288673401e-02 1.975426636636257172e-02
3.105567693710327148e-01 2.922580577433109283e-02 3.046114444732666016e+00 3.281410694122314453e+00
1.851068809628486633e-02 2.813392318785190582e-02 2.025709860026836395e-02 1.292554289102554321e-01
1.163900736719369888e-02 2.735964767634868622e-02 1.261581063270568848e+00 1.480854768306016922e-02
8.990959078073501587e-02 1.737160421907901764e-02 5.642696470022201538e-02 8.148483633995056152e-01
5.049472427368164062e+01 1.581714391708374023e+00 3.196088409423828125e+01 2.589779160916805267e-02
1.750676751136779785e+00 1.840473338961601257e-02 2.035073661804199219e+01 5.752586364746093750e+00
1.833434402942657471e-02 2.396557629108428955e-01 5.574217319488525391e+00 1.974685676395893097e-02
4.967543110251426697e-02 2.036039531230926514e-02 5.314134806394577026e-02 4.254901781678199768e-02
3.337867930531501770e-02 3.121482767164707184e-02 2.764842845499515533e-02 5.660237744450569153e-02
3.164618462324142456e-02 2.200266160070896149e-02 3.526651859283447266e-02 2.709704823791980743e-02
5.588196590542793274e-02 2.193148994445800781e+01 6.162381172180175781e-02 3.470300510525703430e-02
1.833797432482242584e-02 5.543169498443603516e+00 1.462236326187849045e-02 1.234657503664493561e-02
2.571063861250877380e-02 2.552618458867073059e-02 7.511156082153320312e+00 1.535568293184041977e-02
1.723911613225936890e-02 1.295568794012069702e-02 1.353299058973789215e-02 2.433938905596733093e-02
2.535302400588989258e+00 1.493175387382507324e+00 8.331111907958984375e+00 6.610711216926574707e-01
2.285717613995075226e-02 2.036925777792930603e-02 2.600059472024440765e-02 2.480791136622428894e-02
2.196825668215751648e-02 3.253880515694618225e-02 4.820228099822998047e+00 6.777264922857284546e-02
5.033211112022399902e-01 1.691348105669021606e-02 1.510236740112304688e+00 3.003267478942871094e+01
5.388446807861328125e+00 3.637588396668434143e-02 2.610540948808193207e-02 6.043658405542373657e-02
2.496085874736309052e-02 1.588816046714782715e-01 2.526044473052024841e-02 2.496734820306301117e-02
2.008400857448577881e-02 2.394986525177955627e-02 1.335761845111846924e-01 4.092420101165771484e+00
2.366947568953037262e-02 4.574109017848968506e-01 2.809363976120948792e-02 2.349396049976348877e-02
2.845832146704196930e-02 4.731677472591400146e-02 2.969117835164070129e-02 1.438373047858476639e-02
6.810372695326805115e-03 1.745887473225593567e-02 2.180697582662105560e-02 1.621070876717567444e-02
5.196149647235870361e-02 3.209988027811050415e-02 7.348070068359375000e+02 6.652783602476119995e-02
6.387417793273925781e+00 1.503938007354736328e+01 4.102400317788124084e-02 4.607934951782226562e-01
2.495728060603141785e-02 2.245073765516281128e-01 5.106250286102294922e+00 2.397457882761955261e-02
3.275628015398979187e-02 2.054273523390293121e-02 3.584323167800903320e+00 2.518598176538944244e-02
2.945565032958984375e+01 2.087993361055850983e-02 3.038125485181808472e-02 1.030453395843505859e+01
7.099612712860107422e+00 3.562258929014205933e-02 3.007124364376068115e-02 3.264940530061721802e-02
2.344481274485588074e-02 2.932482957839965820e-02 3.480191528797149658e-02 3.833257198333740234e+00
2.774672031402587891e+00 9.272109031677246094e+00 1.944370195269584656e-02 2.306799590587615967e-02
3.452089801430702209e-02 3.049503825604915619e-02 1.695545613765716553e-01 3.758747503161430359e-02
4.629923030734062195e-02 4.538857191801071167e-02 2.818814665079116821e-02 8.440682411193847656e+00
4.946116507053375244e-01 2.509424835443496704e-02 3.535732507705688477e+00 3.246775269508361816e-02
1.527884509414434433e-02 1.537422277033329010e-02 1.933482661843299866e-02 2.538036741316318512e-02
1.431449409574270248e-02 1.584905013442039490e-02 9.855972602963447571e-03 3.427698059082031250e+02
2.221331596374511719e+00 2.697688154876232147e-02 1.789288902282714844e+01 3.617887198925018311e-02
1.161451265215873718e-02 2.440249621868133545e-01 5.568963527679443359e+00 1.782177925109863281e+00
2.216578722000122070e+00 5.557694658637046814e-02 6.045809015631675720e-02 5.467234551906585693e-02
2.269296720623970032e-02 2.976640500128269196e-02 2.367533184587955475e-02 2.803531102836132050e-02
3.354726552963256836e+00 2.593791671097278595e-02 2.310577966272830963e-02 1.857182383537292480e-02
3.169940039515495300e-02 2.290744520723819733e-02 3.181391581892967224e-02 2.995235472917556763e-02
2.651385776698589325e-02 3.728520497679710388e-02 3.124162741005420685e-02 3.103787265717983246e-02
1.957511901855468750e-02 1.227969117462635040e-02 1.171701680868864059e-02 4.759980201721191406e+00
2.101586945354938507e-02 3.039318695664405823e-02 3.111081838607788086e+00 2.003330923616886139e-02
1.744239404797554016e-02 1.921463757753372192e-02 2.597765065729618073e-02 2.163713984191417694e-02
2.029112540185451508e-02 3.071144036948680878e-02 2.406033687293529510e-02 3.012519329786300659e-02
2.230406925082206726e-02 1.592182554304599762e-02 3.207356855273246765e-02 1.765580475330352783e-02
1.400061702728271484e+01 2.368283867835998535e-01 7.788471411913633347e-03 1.977883651852607727e-02
1.432985115051269531e+01 2.123659849166870117e+00 1.787648648023605347e-01 3.561287745833396912e-02
1.955548115074634552e-02 3.386953353881835938e+00 1.088441467285156250e+01 5.786674618721008301e-01
5.353084951639175415e-02 4.386080428957939148e-02 4.228515923023223877e-02 2.485502243041992188e+01
1.260212343186140060e-02 1.476662635803222656e+01 1.475175563246011734e-02 2.530841715633869171e-02
6.673099938780069351e-03 2.662030234932899475e-02 2.716083265841007233e-02 1.463996805250644684e-02
1.202741861343383789e-01 5.748574435710906982e-02 4.242333397269248962e-02 5.300692468881607056e-02
2.571518905460834503e-02 2.125220187008380890e-02 2.490583620965480804e-02 2.019557729363441467e-02
6.623113900423049927e-02 4.559166729450225830e-02 6.419588625431060791e-02 8.351482450962066650e-02
9.971193969249725342e-02 3.275279700756072998e-01 3.978869020938873291e-01 8.816833794116973877e-02
8.137594223022460938e+00 2.618162333965301514e-02 2.966036461293697357e-02 1.420913077890872955e-02
1.811805963516235352e+00 3.768465518951416016e+00 7.390885613858699799e-03 8.157839998602867126e-03
1.496219914406538010e-02 1.235713995993137360e-02 2.886483632028102875e-02 4.990025043487548828e+00
4.149053990840911865e-02 2.877640537917613983e-02 2.433991432189941406e-02 1.465070056915283203e+01
2.741428833007812500e+02 3.709904104471206665e-02 3.873528167605400085e-02 8.477903157472610474e-02
7.191681385040283203e+00 8.404719233512878418e-01 2.636584639549255371e-02 2.831580862402915955e-02
2.658291906118392944e-02 2.596389651298522949e-01 2.000941038131713867e+00 1.276366785168647766e-02
9.647664070129394531e+00 2.813576348125934601e-02 2.464710921049118042e-02 9.696348309516906738e-01
8.585254102945327759e-02 8.519523590803146362e-02 7.997252792119979858e-02 6.702706217765808105e-02
3.156458854675292969e+00 3.389198482036590576e-01 1.127636805176734924e-02 1.253214571624994278e-02
4.162883386015892029e-02 4.604663372039794922e+00 6.466349214315414429e-02 4.815560206770896912e-02
1.209449861198663712e-02 5.610290050506591797e+00 2.991292953491210938e+00 1.207177899777889252e-02
2.551931515336036682e-02 1.018386459350585938e+01 2.195206642150878906e+00 1.873689144849777222e-02
1.986832730472087860e-02 4.675897121429443359e+00 8.248455077409744263e-02 1.584141142666339874e-02
5.111069977283477783e-02 4.417457059025764465e-02 5.091622471809387207e-02 9.302412986755371094e+00
1.880560219287872314e-01 3.567492675781250000e+01 1.088506430387496948e-01 5.273286998271942139e-02
1.228773500770330429e-02 1.124773453921079636e-02 8.486074447631835938e+00 2.556656360626220703e+00
3.034438565373420715e-02 3.249094635248184204e-02 2.296912574768066406e+01 2.223945781588554382e-02
2.742182910442352295e-01 6.838539123535156250e+00 2.525943994522094727e+00 5.132486298680305481e-02
5.700971186161041260e-02 4.787507653236389160e-02 7.576698064804077148e-02 4.474638748168945312e+01
3.743719100952148438e+00 1.694082096219062805e-02 2.220437303185462952e-02 2.365466952323913574e-02
1.882104016840457916e-02 2.446691319346427917e-02 3.065042257308959961e+00 1.332873702049255371e-01
2.532755024731159210e-02 2.549989707767963409e-02 3.092616051435470581e-02 1.391747355461120605e+00
1.961350627243518829e-02 8.114480018615722656e+00 5.327421665191650391e+00 1.301685523986816406e+01
2.507404796779155731e-02 2.567122131586074829e-02 3.280553594231605530e-02 3.159351274371147156e-02
3.033465892076492310e-02 4.050570487976074219e+00 1.831985823810100555e-02 5.071050301194190979e-02
4.738231897354125977e-01 2.033269219100475311e-02 1.102714896202087402e+00 2.340420894324779510e-02
6.374121665954589844e+00 2.105288982391357422e+00 7.208466529846191406e-03 2.513536252081394196e-02
1.947005651891231537e-02 2.721561864018440247e-02 1.819416582584381104e-01 4.146806523203849792e-02
3.073252364993095398e-02 6.579892635345458984e+00 1.090158224105834961e+00 3.145955130457878113e-02
1.469325714111328125e+02 7.659045696258544922e+00 2.165745735168457031e+00 2.601954527199268341e-02
1.996191218495368958e-02 2.060054428875446320e-02 4.449450969696044922e+00 3.817140460014343262e-01
1.851007528603076935e-02 1.633976578712463379e+00 1.581343263387680054e-02 1.936317980289459229e-02
2.691481262445449829e-02 1.821069419384002686e-02 1.618535071611404419e-02 3.036631822586059570e+00
2.680944837629795074e-02 2.971735410392284393e-02 4.503029346466064453e+00 5.588926792144775391e+00
4.259938716888427734e+00 2.152419649064540863e-02 2.280357107520103455e-02 7.474787235260009766e-01
