6.301206885837018490e-04 1.686379662714898586e-03 8.669241215102374554e-04 4.899054183624684811e-04
8.661586046218872070e-01 1.239028526470065117e-03 5.472727352753281593e-04 5.977508611977100372e-03
1.494440715759992599e-02 9.463601745665073395e-03 1.385584235191345215e+00 2.174098481191322207e-04
1.957257627509534359e-04 7.530026487074792385e-04 6.274330080486834049e-04 6.707579013891518116e-04
4.386613436508923769e-04 6.315450882539153099e-04 6.197790498845279217e-04 4.266148607712239027e-04
8.268288802355527878e-04 9.393019136041402817e-04 7.442770875059068203e-04 1.647384720854461193e-03
3.218633355572819710e-04 7.136538042686879635e-04 4.756482085213065147e-04 7.574675255455076694e-04
2.772940788418054581e-04 4.735770344268530607e-04 6.376745295710861683e-04 6.267911195755004883e-01
2.796239852905273438e-01 5.134560706210322678e-05 8.472587069263681769e-05 2.168493811041116714e-04
2.350883558392524719e-03 2.015459584072232246e-03 1.941208243370056152e-01 3.756042718887329102e-01
1.103936433792114258e+00 1.172268763184547424e-03 1.481942599639296532e-03 8.868739241734147072e-04
1.588439103215932846e-03 3.792030329350382090e-04 3.957334265578538179e-04 1.285833073779940605e-03
3.351579653099179268e-04 2.147680381312966347e-03 3.424884080886840820e-01 1.731850643409416080e-04
2.552847377955913544e-02 3.161225840449333191e-02 1.702396035194396973e+00 3.244542330503463745e-02
8.497615635860711336e-05 1.322447787970304489e-04 9.268684516428038478e-05 1.104514885810203850e-04
2.362223109230399132e-03 1.464352244511246681e-03 1.466086599975824356e-03 1.186300069093704224e-03
1.331640087300911546e-04 1.895001769298687577e-04 1.331447128904983401e-04 2.793338207993656397e-04
9.202206134796142578e-01 5.389470607042312622e-04 3.317071823403239250e-04 1.730551128275692463e-03
3.722361475229263306e-02 3.375507731107063591e-05 4.831892510992474854e-05 3.095199872404919006e-06
1.474935445003211498e-03 2.022472326643764973e-04 2.113963855663314462e-04 6.324561545625329018e-04
5.218119476921856403e-04 3.881018492393195629e-04 1.417364925146102905e-03 6.275430205278098583e-04
7.619821699336171150e-04 1.022299518808722496e-03 1.330115079879760742e+00 1.207223278470337391e-03
3.607606631703674793e-04 9.382145944982767105e-04 5.027760635130107403e-04 6.917500286363065243e-04
9.261827217414975166e-04 1.327155740000307560e-03 1.272095250897109509e-03 1.131041441112756729e-03
6.065086345188319683e-04 1.091396927833557129e+00 2.409411827102303505e-04 1.845426013460382819e-04
4.755747213494032621e-04 1.005115389823913574e+00 3.287383168935775757e-02 7.318805437535047531e-04
7.025057857390493155e-05 4.246981348842382431e-03 1.277351693715900183e-04 2.169144004583358765e-01
9.155327677726745605e-01 1.092773862183094025e-03 9.335194714367389679e-03 1.694028265774250031e-03
2.316586906090378761e-04 3.038494323845952749e-04 3.676839405670762062e-04 2.530197089072316885e-04
3.315522044431418180e-04 7.660937844775617123e-04 2.099477127194404602e-02 5.845346022397279739e-04
3.526522964239120483e-02 2.761728137556929141e-05 4.033677032566629350e-05 4.404906121635576710e-06
7.831668257713317871e-01 2.294522011652588844e-03 4.797279462218284607e-02 4.767006263136863708e-02
1.001897826790809631e-02 4.850327502936124802e-03 9.949731826782226562e-02 1.188686132431030273e+00
2.540694549679756165e-03 9.082223405130207539e-04 1.922801020555198193e-03 1.523419748991727829e-03
5.598812103271484375e-01 2.295210724696516991e-03 8.120082784444093704e-04 6.662002415396273136e-04
8.671233663335442543e-04 5.045220605097711086e-04 1.681828141212463379e+00 2.903573773801326752e-02
3.057402558624744415e-03 8.767393231391906738e-01 8.183217869373038411e-05 1.442287320969626307e-04
2.634965057950466871e-04 7.688652840442955494e-04 5.839503137394785881e-04 6.190167041495442390e-04
1.989078009501099586e-04 6.439029821194708347e-04 3.815430391114205122e-04 2.330894494662061334e-04
9.314187336713075638e-04 5.532632349058985710e-04 8.408486028201878071e-04 8.180175209417939186e-04
8.548330697522033006e-06 1.617608964443206787e-02 1.146453541878145188e-05 9.673976819613017142e-06
2.937036752700805664e-01 7.022101781331002712e-04 1.239929813891649246e-03 1.588227343745529652e-03
3.983936330769211054e-04 2.456723595969378948e-04 3.333209606353193521e-04 2.173507673433050513e-04
6.358712166547775269e-02 9.735102066770195961e-04 1.411458943039178848e-03 8.489853739738464355e-01
1.018168628215789795e-01 1.776760327629745007e-04 6.540076807141304016e-03 3.699146211147308350e-03
2.098133518302347511e-05 1.022681863105390221e-05 6.708266937494045123e-06 8.869016710377763957e-06
1.922445744276046753e-02 2.559774438850581646e-04 2.534874947741627693e-04 2.638213336467742920e-04
1.418411266058683395e-04 1.258745760424062610e-04 2.805443364195525646e-04 7.792661199346184731e-04
1.924702548421919346e-03 1.351479091681540012e-03 4.178989827632904053e-01 9.075771085917949677e-04
1.015295056276954710e-04 1.423704326152801514e-01 9.293697075918316841e-05 1.243610773235559464e-02
1.597213675267994404e-03 2.875871490687131882e-03 1.117095234803855419e-03 1.729128649458289146e-03
4.935062679578550160e-05 3.801462799310684204e-02 3.836397826671600342e-02 4.536752021522261202e-05
4.353227093815803528e-02 3.378654364496469498e-04 8.312337100505828857e-03 2.152502565877512097e-04
3.755823709070682526e-03 1.459188497392460704e-04 6.721771205775439739e-05 6.980687612667679787e-05
4.283053278923034668e-01 4.608602903317660093e-04 3.364975377917289734e-02 4.594166297465562820e-03
5.826298147439956665e-04 1.306249876506626606e-03 1.438261358998715878e-03 1.277613919228315353e-03
1.476159542798995972e-01 1.701640896499156952e-03 3.013940586242824793e-04 1.104178882087580860e-04
2.325300872325897217e-02 1.115620374679565430e+00 3.476244164630770683e-03 6.476790178567171097e-03
5.175845623016357422e-01 8.741057827137410641e-04 4.762535681948065758e-04 5.600670352578163147e-03
7.153464248403906822e-04 3.307202132418751717e-04 4.357292200438678265e-04 5.799768259748816490e-04
6.379550695419311523e-01 4.055507481098175049e-03 1.465192646719515324e-03 3.494943026453256607e-03
8.107375469990074635e-05 6.487574137281626463e-05 8.922476321458816528e-02 1.793941628420725465e-04
2.005567075684666634e-03 2.182109747081995010e-03 2.883658278733491898e-03 1.498877420090138912e-03
2.112017391482368112e-04 2.937490353360772133e-04 4.619931569322943687e-04 1.828942745923995972e-01
2.111298672389239073e-04 5.865700659342110157e-04 4.167006409261375666e-04 2.542043030261993408e-01
3.014167887158691883e-04 3.684552852064371109e-03 6.918075494468212128e-03 2.855519950389862061e-01
3.329083696007728577e-02 9.358786344528198242e-01 1.134455669671297073e-02 1.651216181926429272e-03
5.241480655968189240e-03 7.080732583999633789e-01 8.592677116394042969e-02 1.236883550882339478e-02
6.291039288043975830e-02 1.563297361135482788e-01 6.897583371028304100e-04 7.675224449485540390e-03
2.790457983792293817e-05 2.082792707369662821e-05 1.920873182825744152e-05 2.731087079155258834e-05
2.333596814423799515e-03 4.225998651236295700e-03 6.164060235023498535e-01 7.607109844684600830e-02
1.514298617839813232e-01 1.110954792238771915e-03 2.105389721691608429e-04 1.882757205748930573e-04
2.792880237102508545e-01 3.177625685930252075e-02 1.139921834692358971e-03 2.831317186355590820e-01
1.862429198808968067e-04 1.294346729991957545e-04 3.339228569529950619e-04 4.972341656684875488e-01
1.085621115635149181e-04 7.301467121578752995e-05 2.900433319155126810e-04 6.018939893692731857e-05
1.210602819919586182e-01 3.078050212934613228e-05 2.249611914157867432e-02 5.586762199527584016e-05
2.253823727369308472e-02 3.526602983474731445e-01 2.497445093467831612e-03 9.952050168067216873e-04
2.204914344474673271e-03 2.889150083065032959e-01 6.247633718885481358e-04 5.559826968237757683e-04
4.319387953728437424e-04 1.368693355470895767e-02 4.832952399738132954e-04 8.492946508340537548e-04
8.348456770181655884e-02 1.151590840891003609e-03 5.522702932357788086e-01 3.038388211280107498e-03
3.670905425678938627e-04 3.158490580972284079e-04 2.709161199163645506e-04 3.922108153346925974e-04
5.832250462844967842e-04 2.700250409543514252e-02 2.552596015448216349e-05 2.681563091755378991e-05
5.416246131062507629e-03 6.454856395721435547e-01 2.408417686820030212e-02 2.416536957025527954e-02
5.347572565078735352e-01 1.922438386827707291e-03 1.111401710659265518e-03 6.148031726479530334e-02
6.692545721307396889e-04 3.265877603553235531e-04 5.166464252397418022e-04 6.674684700556099415e-04
3.446089394856244326e-04 1.190431509166955948e-02 2.569008469581604004e-01 3.325998783111572266e-03
2.346229925751686096e-02 1.834979280829429626e-02 2.206346988677978516e-01 6.846123724244534969e-04
4.487256109714508057e-01 7.410450838506221771e-03 7.169827003963291645e-04 1.450354466214776039e-03
1.273046014830470085e-03 1.531819929368793964e-03 1.260749064385890961e-03 2.925692591816186905e-03
1.972362515516579151e-04 1.573660993017256260e-04 1.382499322062358260e-04 2.619769573211669922e-01
1.089904382824897766e-01 2.228995710611343384e-01 8.616740815341472626e-03 4.352146759629249573e-02
5.991017445921897888e-02 1.296585924137616530e-05 9.066677012015134096e-05 1.975426130229607224e-05
1.544583290815353394e-01 2.035429643001407385e-04 7.177164661698043346e-04 3.018369898200035095e-04
2.913885191082954407e-02 2.064442029222846031e-03 4.588319659233093262e-01 3.466323250904679298e-03
8.254801854491233826e-03 7.627038285136222839e-04 1.520165521651506424e-02 3.973973095417022705e-01
1.121577690355479717e-03 6.600839085876941681e-03 5.009444430470466614e-04 6.885645389556884766e-01
1.042032847180962563e-03 2.379470970481634140e-03 1.301138639450073242e+00 5.098801339045166969e-04
1.294145477004349232e-04 3.474808472674340010e-04 2.498759422451257706e-04 1.538110518595203757e-04
9.009227505885064602e-04 1.345600001513957977e-03 9.350936743430793285e-04 7.810090202838182449e-03
6.747001316398382187e-03 8.502317667007446289e-01 2.038397360593080521e-04 5.009501473978161812e-04
