5.400001907348632812e+01 4.039438247680664062e+00 1.104125785827636719e+01 1.104118824005126953e+01
1.115640401840209961e+00 7.436904311180114746e-01 2.393867301940917969e+01 4.715239334106445312e+01
2.635220718383789062e+01 3.361817169189453125e+01 3.361606597900390625e+01 2.763328170776367188e+01
4.668402099609375000e+01 2.922043800354003906e+01 4.759276962280273438e+01 3.389641046524047852e+00
4.071503448486328125e+01 4.875558471679687500e+01 4.875555801391601562e+01 1.618042755126953125e+01
8.127883911132812500e+00 3.490966796875000000e+01 1.159956455230712891e+00 1.404134654998779297e+01
2.172404670715332031e+01 3.414836120605468750e+01 1.372973060607910156e+01 2.469992637634277344e+01
1.082019042968750000e+01 4.274472808837890625e+01 4.192494392395019531e+00 3.776044464111328125e+01
2.730053710937500000e+01 3.800327682495117188e+01 2.615097618103027344e+01 2.512190103530883789e+00
3.454862594604492188e+01 3.491545677185058594e+00 3.894576263427734375e+01 4.157923507690429688e+01
3.015483474731445312e+01 3.583915328979492188e+01 4.899105072021484375e+01 6.791935443878173828e+00
2.943300247192382812e+01 4.557833194732666016e+00 1.158591175079345703e+01 4.689945602416992188e+01
4.395114517211914062e+01 8.907302856445312500e+00 3.219543457031250000e+01 2.519825744628906250e+01
4.478076934814453125e+01 9.278485298156738281e+00 5.600086212158203125e+01 4.478097534179687500e+01
4.299858856201171875e+01 4.299853134155273438e+01 2.528641700744628906e+01 4.299850082397460938e+01
5.050141525268554688e+01 2.768356513977050781e+01 5.694768428802490234e+00 1.415991497039794922e+01
2.959001541137695312e+01 1.486257910728454590e+00 2.959000396728515625e+01 4.010840892791748047e+00
4.151683044433593750e+01 4.992717361450195312e+01 2.438260793685913086e+00 4.776165390014648438e+01
5.550007629394531250e+01 7.515736103057861328e+00 7.515704154968261719e+00 3.818709182739257812e+01
4.522285461425781250e+01 2.290598630905151367e+00 7.304373264312744141e+00 5.188990020751953125e+01
1.786676788330078125e+01 4.776446819305419922e+00 3.539495086669921875e+01 5.377035903930664062e+01
4.882560348510742188e+01 1.733969497680664062e+01 1.181974172592163086e+00 4.076189041137695312e+00
3.968188858032226562e+01 6.791771888732910156e+00 2.925534248352050781e-01 4.558204650878906250e+01
5.181884002685546875e+01 1.818826103210449219e+01 1.228467750549316406e+01 5.302632522583007812e+01
1.551946067810058594e+01 3.502399444580078125e+00 3.838926315307617188e+01 2.852964401245117188e+01
1.728669548034667969e+01 1.728692054748535156e+01 3.358803510665893555e+00 4.585089206695556641e+00
3.128935432434082031e+01 7.962285041809082031e+00 2.531353569030761719e+01 2.531353569030761719e+01
5.600064468383789062e+01 4.797132873535156250e+01 4.797151184082031250e+01 8.760552406311035156e+00
1.205344104766845703e+01 4.478964996337890625e+01 4.478947448730468750e+01 5.550220108032226562e+01
4.541760635375976562e+01 2.840190887451171875e+01 4.966084671020507812e+01 4.541875839233398438e+01
1.232130825519561768e-01 2.937559127807617188e+01 4.802533340454101562e+01 2.586918449401855469e+01
5.428700637817382812e+01 1.817491340637207031e+01 1.794210791587829590e+00 3.486943435668945312e+01
5.065020751953125000e+01 2.445019912719726562e+01 5.118540525436401367e-01 3.791078567504882812e+01
1.480477809906005859e+01 4.471233367919921875e+01 3.632657623291015625e+01 4.783529415726661682e-02
5.617000579833984375e+00 1.976529884338378906e+01 3.432985305786132812e+01 3.433013153076171875e+01
2.229405784606933594e+01 5.094322967529296875e+01 1.466317939758300781e+01 1.462606310844421387e+00
3.043864965438842773e-01 9.204735755920410156e+00 4.290263748168945312e+01 4.290513610839843750e+01
3.605317306518554688e+01 5.600002288818359375e+01 1.453223586082458496e+00 5.342275238037109375e+01
1.257290077209472656e+01 1.364731788635253906e+01 3.514458465576171875e+01 1.988635897636413574e+00
1.844736671447753906e+01 5.196233749389648438e+01 2.716030120849609375e+00 2.918747138977050781e+01
4.644465637207031250e+01 1.994844245910644531e+01 1.994855690002441406e+01 5.060511779785156250e+01
4.155020523071289062e+01 4.155024337768554688e+01 2.113999748229980469e+01 4.241794204711914062e+01
5.520559310913085938e+01 4.675592803955078125e+01 3.387342453002929688e+01 5.607016754150390625e+01
4.700586700439453125e+01 2.871162414550781250e+01 7.138838768005371094e-01 4.026496124267578125e+01
2.605122756958007812e+01 4.004331207275390625e+01 1.558012962341308594e+01 4.443928527832031250e+01
2.629545402526855469e+01 3.280907058715820312e+01 3.280910110473632812e+01 2.629544067382812500e+01
5.824719429016113281e+00 2.214055252075195312e+01 5.549998092651367188e+01 2.214182662963867188e+01
4.839564514160156250e+01 1.779566955566406250e+01 3.708750152587890625e+01 4.993904113769531250e+01
1.928048324584960938e+01 4.299340057373046875e+01 2.813785743713378906e+01 2.813804817199707031e+01
4.297425460815429688e+01 1.827859878540039062e+01 1.827859497070312500e+01 4.496015012264251709e-01
1.052210712432861328e+01 3.431062698364257812e+01 3.564113005995750427e-02 1.518827247619628906e+01
1.249954032897949219e+01 2.849539566040039062e+01 3.822534942626953125e+01 2.849554061889648438e+01
7.311696529388427734e+00 3.689605712890625000e+01 3.689588165283203125e+01 3.689627456665039062e+01
1.680912208557128906e+01 1.680923461914062500e+01 1.680890083312988281e+01 1.680923652648925781e+01
4.646665573120117188e+00 4.385555648803710938e+01 5.362325906753540039e-01 3.700318813323974609e+00
2.041217231750488281e+01 7.258191704750061035e-01 2.673240089416503906e+01 7.508463859558105469e+00
3.868959045410156250e+01 7.875367164611816406e+00 2.508107376098632812e+01 2.542487382888793945e+00
3.035347938537597656e+01 4.912666702270507812e+01 3.035324478149414062e+01 3.283817291259765625e+01
3.142193984985351562e+01 6.610706448554992676e-02 4.970475196838378906e+00 3.805015563964843750e+01
5.624261856079101562e+00 5.294264984130859375e+01 5.294264984130859375e+01 2.057367515563964844e+01
4.871623229980468750e+01 4.684780502319335938e+01 2.702026176452636719e+01 2.701937294006347656e+01
1.620582771301269531e+01 6.948327541351318359e+00 1.620559692382812500e+01 1.620557975769042969e+01
2.023456001281738281e+01 3.130839157104492188e+01 3.130864143371582031e+01 4.464460754394531250e+01
2.155347633361816406e+01 2.878435325622558594e+01 2.879143714904785156e+01 2.155323410034179688e+01
3.964176654815673828e+00 4.302349853515625000e+01 3.473666381835937500e+01 4.855918502807617188e+01
1.250770688056945801e+00 1.232352161407470703e+01 2.101012802124023438e+01 4.354512786865234375e+01
2.384333610534667969e+01 3.346697235107421875e+01 1.904842948913574219e+01 3.342565596103668213e-01
5.648295593261718750e+01 2.870100975036621094e+01 2.870110511779785156e+01 7.383423328399658203e+00
2.079086112976074219e+01 2.757063293457031250e+01 3.986367416381835938e+01 3.986684799194335938e+01
1.987310945987701416e-01 2.906264114379882812e+01 4.037010192871093750e+01 4.538114166259765625e+01
1.423865032196044922e+01 1.580102062225341797e+01 4.019826889038085938e+00 1.423825931549072266e+01
5.107358551025390625e+01 2.369517707824707031e+01 4.148986434936523438e+01 3.352885723114013672e+00
4.059458541870117188e+01 4.059465789794921875e+01 2.970853805541992188e+01 2.970816230773925781e+01
4.273476123809814453e+00 1.521796321868896484e+01 3.155056953430175781e+00 1.354263114929199219e+01
3.053581809997558594e+01 2.582535171508789062e+01 3.053328132629394531e+01 2.285969924926757812e+01
3.488422775268554688e+01 2.368363189697265625e+01 9.596692919731140137e-01 4.700561523437500000e+01
1.326614952087402344e+01 3.742340850830078125e+01 5.984399795532226562e+00 4.687302398681640625e+01
4.530172348022460938e+01 1.071336030960083008e+00 5.420840740203857422e+00 2.870559883117675781e+01
4.812968826293945312e+01 4.647711944580078125e+01 1.765658760070800781e+01 5.987110614776611328e+00
3.269306945800781250e+01 4.794374084472656250e+01 3.867385101318359375e+01 5.188716125488281250e+01
1.872245597839355469e+01 3.572910308837890625e+01 6.402173995971679688e+00 4.189058303833007812e+01
2.914625549316406250e+01 2.914631271362304688e+01 3.350593185424804688e+01 1.124873828887939453e+01
2.083958625793457031e+01 4.182292461395263672e+00 4.736892879009246826e-01 9.382499381899833679e-03
2.135373497009277344e+01 1.429453659057617188e+01 2.135101699829101562e+01 3.518331050872802734e+00
1.125556349754333496e+00 3.397496032714843750e+01 3.397493743896484375e+01 3.397495269775390625e+01
4.916842269897460938e+01 2.399349784851074219e+01 1.554857015609741211e+00 3.827505874633789062e+01
2.029724693298339844e+01 3.602597045898437500e+01 4.241093826293945312e+01 3.291592407226562500e+01
5.600000381469726562e+01 2.792106246948242188e+01 2.873220920562744141e+00 2.453039169311523438e+01
7.982021808624267578e+00 7.981950283050537109e+00 3.868655395507812500e+01 2.967995834350585938e+01
2.798475646972656250e+01 4.180076599121093750e+00 4.932283782958984375e+01 2.144010543823242188e+01
1.039530563354492188e+01 5.402975463867187500e+01 4.883654117584228516e+00 2.361958885192871094e+01
1.062939262390136719e+01 1.474345445632934570e+00 2.010274505615234375e+01 4.724712371826171875e+01
4.507737731933593750e+01 2.978800201416015625e+01 4.983483791351318359e+00 5.103969573974609375e+01
3.276054000854492188e+01 7.103305339813232422e+00 3.843158483505249023e+00 4.162591171264648438e+01
6.194933414459228516e+00 1.948296546936035156e+01 3.169276475906372070e+00 1.978643608093261719e+01
3.523368453979492188e+01 2.033682441711425781e+01 3.518527746200561523e+00 2.895899963378906250e+01
5.549967575073242188e+01 4.015979766845703125e+00 2.445273590087890625e+01 4.605416488647460938e+01
3.296699523925781250e+01 5.599974822998046875e+01 5.599995040893554688e+01 5.154119873046875000e+01
5.549874496459960938e+01 3.318765258789062500e+01 8.732877373695373535e-01 5.525048446655273438e+01
8.245358467102050781e+00 2.064180183410644531e+01 2.064139175415039062e+01 2.562164306640625000e+00
