1.095124613493680954e-02 1.201746749877929688e+01 1.247996650636196136e-02 1.779853552579879761e-02 9.858418464660644531e+00 1.270444202423095703e+01 1.806307397782802582e-02 8.951685905456542969e+00 8.985667228698730469e-01 1.012991089373826981e-02
1.247434224933385849e-02 2.219117246568202972e-02 1.232480350881814957e-02 5.338259696960449219e+00 1.564189977943897247e-02 1.617667824029922485e-02 1.673703670501708984e+00 4.656128883361816406e-01 1.850452087819576263e-02 1.753194816410541534e-02
2.419130690395832062e-02 1.502565917968750000e+02 8.184447288513183594e+00 3.713103383779525757e-02 2.809598110616207123e-02 1.140877325087785721e-02 6.372427940368652344e-01 9.487827308475971222e-03 3.134893625974655151e-02 1.931790560483932495e-01
7.012998219579458237e-03 3.209088370203971863e-02 2.053943157196044922e+00 1.656746119260787964e-02 9.000045247375965118e-03 5.201883792877197266e+00 2.308900840580463409e-02 1.268729753792285919e-02 3.448974341154098511e-02 5.426266789436340332e-01
1.855057105422019958e-02 1.282134559005498886e-02 1.414092909544706345e-02 1.968716144561767578e+00 1.354479640722274780e-01 1.623379066586494446e-02 2.264212071895599365e-02 1.044156495481729507e-02 4.638696312904357910e-01 2.718515968322753906e+01
1.738673634827136993e-02 3.133735433220863342e-02 3.265822678804397583e-02 2.615837566554546356e-02 2.794592827558517456e-02 6.626121044158935547e+00 2.508893609046936035e-02 2.275736816227436066e-02 2.572093531489372253e-02 1.834737882018089294e-02
1.735315471887588501e-02 1.309484802186489105e-02 3.915653005242347717e-02 5.148546218872070312e+00 1.292011234909296036e-02 1.662123948335647583e-02 8.941889762878417969e+00 9.068296432495117188e+00 8.174216270446777344e+00 1.189187914133071899e-02
1.683126203715801239e-02 1.290361404418945312e+00 1.262418627738952637e+00 5.707573413848876953e+00 1.615418121218681335e-02 8.251030929386615753e-03 2.407526969909667969e-02 2.296963334083557129e-02 1.080850028991699219e+01 6.261190891265869141e+00
1.291347295045852661e-02 1.294039487838745117e+00 1.937037277221679688e+01 1.193915959447622299e-02 6.406669504940509796e-03 1.285684015601873398e-02 2.283888682723045349e-02 2.757916450500488281e-01 2.030514180660247803e-01 1.828753054141998291e-01
1.649841189384460449e+00 1.896363310515880585e-02 1.055213343352079391e-02 6.212384700775146484e-01 1.845839992165565491e-02 1.626997068524360657e-02 3.583636134862899780e-02 2.357428169250488281e+01 1.603546714782714844e+01 1.510901283472776413e-02
1.867227554321289062e-01 3.046461381018161774e-02 2.103931084275245667e-02 1.832777820527553558e-02 2.283975601196289062e+00 1.491538528352975845e-02 2.039380836486816406e+01 3.018380641937255859e+00 5.478868484497070312e+00 3.017361462116241455e-02
5.165446758270263672e+00 2.208628691732883453e-02 1.923951692879199982e-02 8.848235942423343658e-03 2.350132167339324951e-01 6.719641208648681641e+00 6.357862055301666260e-02 7.128139019012451172e+00 1.907516643404960632e-02 9.880146943032741547e-03
2.182015404105186462e-02 7.003054954111576080e-03 1.099599170684814453e+01 8.170130252838134766e-01 1.198022998869419098e-02 4.686111584305763245e-02 2.356364019215106964e-02 5.263832863420248032e-03 1.747629046440124512e-02 9.315927512943744659e-03
1.477741432189941406e+01 9.466087818145751953e-01 6.099867224693298340e-01 1.455971691757440567e-02 1.115537341684103012e-02 6.892818026244640350e-03 1.176053844392299652e-02 4.028845205903053284e-02 1.926667615771293640e-02 1.677324809134006500e-02
1.014443952590227127e-02 2.290454387664794922e+00 8.947353363037109375e+00 3.265498438850045204e-03 7.449790835380554199e-03 1.103979069739580154e-02 6.800876464694738388e-03 8.131308555603027344e+00 6.319501437246799469e-03 4.479049704968929291e-03
1.872123591601848602e-02 4.294908046722412109e+00 1.026427932083606720e-02 1.040300261229276657e-02 8.329313248395919800e-03 1.132664829492568970e-02 1.677422225475311279e-02 2.033160254359245300e-02 5.043116092681884766e+00 1.433555129915475845e-02
4.918538665771484375e+01 2.547325007617473602e-02 2.904694899916648865e-02 2.495681121945381165e-02 2.272421307861804962e-02 2.197327092289924622e-02 4.236887022852897644e-02 2.015255019068717957e-02 2.530411072075366974e-02 3.032641857862472534e-02
1.022079010009765625e+02 6.501523017883300781e+00 1.111191883683204651e-02 1.255822647362947464e-02 1.957360655069351196e-02 6.668867077678442001e-03 1.244789455085992813e-02 3.262437880039215088e-02 2.856409177184104919e-02 2.430641651153564453e-02
7.409321144223213196e-03 1.203305926173925400e-02 1.882886700332164764e-02 8.838547706604003906e+00 5.244076251983642578e-01 1.692793704569339752e-02 6.094918120652437210e-03 1.230718940496444702e-02 6.850472259521484375e+01 1.626666262745857239e-02
1.872828292846679688e+01 1.772013679146766663e-02 3.303619846701622009e-02 1.530010253190994263e-02 1.685498841106891632e-02 3.170956671237945557e-02 4.560885238647460938e+01 2.478460222482681274e-02 5.366485595703125000e+00 2.029793150722980499e-02
4.514580070972442627e-01 1.349383115768432617e+00 1.245887018740177155e-02 1.900167018175125122e-02 1.330411341041326523e-02 5.916515350341796875e+00 1.406249497085809708e-02 1.883216574788093567e-02 1.853570342063903809e-02 1.898342743515968323e-02
4.470111057162284851e-02 7.120853662490844727e-02 4.166816234588623047e+00 6.348489969968795776e-02 3.545959666371345520e-02 3.946127369999885559e-02 2.725147819519042969e+01 5.772250890731811523e-02 5.042130500078201294e-02 2.798105776309967041e-02
7.708337623625993729e-03 4.065115928649902344e+00 7.823556661605834961e-03 9.145526215434074402e-03 8.201147079467773438e+00 1.637133024632930756e-02 4.950493574142456055e-02 1.306579262018203735e-02 8.007796287536621094e+00 2.264037609100341797e+00
1.495284028351306915e-02 1.197088789194822311e-02 4.226170107722282410e-02 9.754782319068908691e-01 1.205229014158248901e-02 1.116782951354980469e+01 4.795356839895248413e-02 1.813641749322414398e-02 1.631775125861167908e-02 1.968905258178710938e+01
1.566329412162303925e-02 2.040901035070419312e-02 1.143615506589412689e-02 7.755910512059926987e-03 8.997359275817871094e+00 1.700608432292938232e-02 3.655784204602241516e-02 6.834886968135833740e-03 5.585569888353347778e-02 3.095422363281250000e+02
1.008797740936279297e+01 3.497360706329345703e+00 1.633602939546108246e-02 1.916516125202178955e-01 3.529977321624755859e+00 1.460816711187362671e-02 9.623775258660316467e-03 1.309012062847614288e-02 2.670930290222167969e+01 1.795057952404022217e-02
1.012338604778051376e-02 1.087662391364574432e-02 2.127466350793838501e-02 1.892382279038429260e-02 2.173244580626487732e-02 1.023895107209682465e-02 2.478144317865371704e-02 6.484667301177978516e+00 1.114542875438928604e-02 1.348054595291614532e-02
2.213212102651596069e-02 1.373055391013622284e-02 1.514371871948242188e+01 2.736555598676204681e-02 1.478127948939800262e-02 1.304158847779035568e-02 3.032725572586059570e+00 2.047994136810302734e+00 1.421852588653564453e+01 1.535736862570047379e-02
7.021723780781030655e-03 2.089888334274291992e+00 7.026668190956115723e-01 4.880323540419340134e-03 1.371894497424364090e-02 3.638047259300947189e-03 5.046041488647460938e+00 1.262789815664291382e-01 1.095539569854736328e+01 9.533142670989036560e-03
6.001689471304416656e-03 3.152355179190635681e-02 1.456199120730161667e-02 1.201340463012456894e-02 1.952980422973632812e+01 1.111202407628297806e-02 4.307549912482500076e-03 1.017011515796184540e-02 1.282339822500944138e-02 4.964698314666748047e+00
4.399151802062988281e-01 5.006294846534729004e-01 1.085649371147155762e+00 2.916371636092662811e-02 1.900490745902061462e-02 2.984191179275512695e-01 2.483388662338256836e+00 2.308823168277740479e-02 3.087418712675571442e-02 4.980505108833312988e-01
1.375581230968236923e-02 2.323097176849842072e-02 1.315724663436412811e-02 1.693921163678169250e-02 2.507151477038860321e-02 9.740997105836868286e-03 4.234256744384765625e+00 1.628498174250125885e-02 5.378987884521484375e+01 4.054317474365234375e+00
8.981180787086486816e-01 7.604946136474609375e+00 1.801067218184471130e-02 3.189496323466300964e-02 1.406916137784719467e-02 1.574433088302612305e+00 1.060102321207523346e-02 3.438472747802734375e-02 3.646903112530708313e-02 1.192669756710529327e-02
2.085100650787353516e+00 7.537563331425189972e-03 9.002356790006160736e-03 9.366256184875965118e-03 2.431987971067428589e-02 1.112770661711692810e-02 2.347951173782348633e+00 2.759761047363281250e+01 2.866582155227661133e+00 3.853812217712402344e+00
1.954587176442146301e-02 1.570897921919822693e-02 3.281866014003753662e-02 3.898882567882537842e-01 1.795014925301074982e-02 6.924662590026855469e-01 7.817382216453552246e-01 4.901078939437866211e-01 2.480824291706085205e-02 2.728252708911895752e-01
4.092816829681396484e+00 2.949704043567180634e-02 1.723559573292732239e-02 8.838233947753906250e+00 4.147011041641235352e-02 3.047379875183105469e+01 1.039716042578220367e-02 2.460009813308715820e+00 4.049875587224960327e-02 5.849983077496290207e-03
1.046872325241565704e-02 1.488370075821876526e-02 1.907516270875930786e-02 9.907399304211139679e-03 1.066674900054931641e+01 9.797375649213790894e-03 1.404842454940080643e-02 1.304381247609853745e-02 1.446625869721174240e-02 1.099475845694541931e-02
1.877149008214473724e-02 3.725263214111328125e+01 1.548809185624122620e-02 1.737166196107864380e-02 2.032677643001079559e-02 5.845017731189727783e-03 5.343108177185058594e-01 1.405828073620796204e-02 7.084865570068359375e-01 1.337266992777585983e-02
2.023363485932350159e-02 1.955379731953144073e-02 7.773089222609996796e-03 5.927863121032714844e+00 7.164531707763671875e+00 1.496704295277595520e-02 2.459436893463134766e+00 2.538720667362213135e-01 9.417172521352767944e-03 1.549018919467926025e-02
2.372637949883937836e-02 2.273756638169288635e-02 2.032076120376586914e+00 1.277235429733991623e-02 2.342459745705127716e-02 2.026824653148651123e-02 6.735700130462646484e+00 4.389856941998004913e-03 2.014342509210109711e-02 1.974356174468994141e-02
1.125767547637224197e-02 5.776833057403564453e+00 1.384506225585937500e-01 4.184949111938476562e+01 2.752045867964625359e-03 3.117407206445932388e-03 1.214181911200284958e-02 1.115073077380657196e-02 9.810946881771087646e-03 1.296663749963045120e-02
1.089769601821899414e-02 1.187677378766238689e-03 7.001457735896110535e-03 8.748654365539550781e+00 7.170873228460550308e-03 9.915266185998916626e-03 1.137953158468008041e-02 1.094925589859485626e-02 3.594623088836669922e+00 1.736185836791992188e+01
3.919960185885429382e-02 3.627803549170494080e-02 3.099855035543441772e-02 2.752902172505855560e-02 5.923981592059135437e-02 3.184478357434272766e-02 2.672667615115642548e-02 3.054669685661792755e-02 2.786854654550552368e-02 4.321631044149398804e-02
1.650095917284488678e-02 1.162212435156106949e-02 1.254319477081298828e+01 1.581421680748462677e-02 7.050803661346435547e+00 2.368445634841918945e+00 1.561508700251579285e-02 1.493146829307079315e-02 2.478175878524780273e+00 1.103788986802101135e-02
1.573013365268707275e-01 2.279157191514968872e-02 2.543577551841735840e-02 6.704545974731445312e+00 3.604726791381835938e+00 6.987924098968505859e+00 2.409445494413375854e-02 1.888291910290718079e-02 2.209898270666599274e-02 1.906449347734451294e-02
8.371339179575443268e-03 2.082970738410949707e-02 2.075843326747417450e-02 1.938253268599510193e-02 2.004116959869861603e-02 1.681434921920299530e-02 8.981002494692802429e-03 8.137780189514160156e+00 1.544137764722108841e-02 2.174712717533111572e-02
1.271517388522624969e-02 2.345156483352184296e-02 1.614131927490234375e+01 2.450088411569595337e-02 1.821107745170593262e+00 1.630991324782371521e-02 1.092437362670898438e+01 9.429216384887695312e-01 1.847124844789505005e-02 1.165572181344032288e-02
3.356324136257171631e-02 1.307556312531232834e-02 1.952802762389183044e-02 7.699504494667053223e-01 2.633694931864738464e-02 1.195469871163368225e-02 1.702584885060787201e-02 1.185559947043657303e-02 2.032671928405761719e+01 9.372183121740818024e-03
1.276241615414619446e-02 9.032685309648513794e-03 9.669961407780647278e-03 1.965410470962524414e+00 3.683969259262084961e+00 9.818159975111484528e-03 6.836406886577606201e-03 1.162477396428585052e-02 1.125766988843679428e-02 1.440328825265169144e-02
2.496321871876716614e-02 6.200245380401611328e+00 2.120839990675449371e-02 1.833003945648670197e-02 1.861286349594593048e-02 1.297287456691265106e-02 1.239274907857179642e-02 2.568623051047325134e-02 1.911326870322227478e-02 2.564971521496772766e-02
5.442511662840843201e-02 4.691376537084579468e-02 9.768413007259368896e-02 2.628287672996520996e-01 1.724720153808593750e+02 5.550660192966461182e-02 6.832865625619888306e-02 3.598712921142578125e+01 1.812702119350433350e-01 4.392212295532226562e+01
6.242372035980224609e+00 1.560295295715332031e+01 4.056756943464279175e-02 3.426019531250000000e+03 1.622593775391578674e-02 9.425390511751174927e-03 1.039944839477539062e+01 1.268014032393693924e-02 1.691009104251861572e-02 1.877887547016143799e-02
2.210288867354393005e-02 2.489305473864078522e-02 1.195970829576253891e-02 2.090849727392196655e-02 2.342266887426376343e-01 7.352259635925292969e+00 3.162468969821929932e-02 1.773199439048767090e-02 2.358050537109375000e+01 1.545616611838340759e-02
1.242502219974994659e-02 1.647491380572319031e-02 1.795438118278980255e-02 1.020009256899356842e-02 1.952202990651130676e-02 1.510229986160993576e-02 1.171971671283245087e-02 4.832882806658744812e-02 1.214437466114759445e-02 1.488344743847846985e-02
2.353085726499557495e-01 2.602892182767391205e-02 1.070424938201904297e+01 6.681550294160842896e-03 1.330582141876220703e+01 1.478368878364562988e+00 2.383806370198726654e-02 1.288887786865234375e+01 1.366201591491699219e+01 2.193739563226699829e-01
3.744350075721740723e-01 2.577827215194702148e+00 2.407004870474338531e-02 2.865749359130859375e+01 1.456528091430664062e+01 2.736729942262172699e-02 2.148460596799850464e-02 1.407333090901374817e-02 1.843114010989665985e-02 1.359754614531993866e-02
2.343544550240039825e-02 1.292663253843784332e-02 1.687900908291339874e-02 1.903644390404224396e-02 1.953511871397495270e-02 2.705515861511230469e+00 1.053659897297620773e-02 5.369635298848152161e-02 1.326932758092880249e-02 1.276584815979003906e+01
3.118493594229221344e-02 2.539602108299732208e-02 2.693889617919921875e+00 9.210553020238876343e-03 9.238176979124546051e-03 2.059879340231418610e-02 3.119642660021781921e-02 1.823281310498714447e-02 4.753113269805908203e+00 3.243613719940185547e+00
3.616638481616973877e-02 8.372090339660644531e+00 8.748237974941730499e-03 3.958801180124282837e-02 2.804406546056270599e-02 3.068852424621582031e-02 3.835869953036308289e-02 1.632247924804687500e+01 1.944057083129882812e+01 2.434803359210491180e-02
1.469313446432352066e-02 1.373335625976324081e-02 2.464177459478378296e-02 1.154003757983446121e-02 1.295627746731042862e-02 1.603421010076999664e-02 2.189452573657035828e-02 1.393393707275390625e+01 1.619172286987304688e+01 1.548891980201005936e-02
2.661154232919216156e-02 2.894976362586021423e-02 3.721119835972785950e-02 2.805360794067382812e+00 3.948982432484626770e-02 3.830045089125633240e-02 2.383851073682308197e-02 4.807300090789794922e+00 2.390940859913825989e-02 3.313881903886795044e-02
4.808168858289718628e-02 2.137359790503978729e-02 1.516459416598081589e-02 1.811387176513671875e+02 2.765521034598350525e-02 5.301543712615966797e+00 1.867390796542167664e-02 1.521279569715261459e-02 2.599490433931350708e-02 1.784834079444408417e-02
2.781095266342163086e+00 6.543557643890380859e+00 1.533722411841154099e-02 1.700741797685623169e-02 2.271217107772827148e-02 1.574426144361495972e-02 1.857765763998031616e-02 2.004989609122276306e-02 1.915953867137432098e-02 2.276009321212768555e-02
2.374717235565185547e+00 2.310620062053203583e-02 6.336821079254150391e+00 2.450918197631835938e+00 9.901036322116851807e-02 1.824634361267089844e+01 2.060080133378505707e-02 1.897284090518951416e-01 1.789322309195995331e-02 3.692656040191650391e+00
9.118234738707542419e-03 4.497918765991926193e-03 2.862994074821472168e-01 2.271749265491962433e-02 9.391857683658599854e-02 6.109509617090225220e-03 7.384531497955322266e-01 3.903661727905273438e+00 8.225636929273605347e-02 1.748394034802913666e-02
2.344495207071304321e-01 7.563032209873199463e-03 6.613794565200805664e-01 1.580590128898620605e+00 7.719072978943586349e-03 7.994147777557373047e+00 5.221287719905376434e-03 3.252139315009117126e-02 1.624984741210937500e+01 2.709576115012168884e-02
1.978491902351379395e+00 2.977076172828674316e-02 1.380597334355115891e-02 3.218561038374900818e-02 3.403329104185104370e-02 2.053192257881164551e-02 6.004406604915857315e-03 1.373519096523523331e-02 1.705276679992675781e+01 4.578747972846031189e-02
1.802237145602703094e-02 5.413019180297851562e+00 5.593297004699707031e+00 1.032323576509952545e-02 1.934147998690605164e-02 2.989837713539600372e-02 1.026881858706474304e-02 1.597573235630989075e-02 2.292318820953369141e+00 3.139938354492187500e+00
3.058166205883026123e-01 8.602560997009277344e+00 2.356355637311935425e-02 1.122226905822753906e+01 4.585817083716392517e-02 2.182903699576854706e-02 2.545496821403503418e-02 1.662131026387214661e-02 8.872760009765625000e+01 3.638675436377525330e-02
1.766131445765495300e-02 2.352831140160560608e-02 2.031661383807659149e-02 1.922561042010784149e-02 8.118024826049804688e+00 1.511360425502061844e-02 1.075121498107910156e+01 6.136784076690673828e+00 1.861346699297428131e-02 1.477131247520446777e-02
2.011391520500183105e-02 1.154770608991384506e-02 1.797335028648376465e+00 1.115133985877037048e-01 1.773420810699462891e+00 1.024215761572122574e-02 1.344439315795898438e+01 1.145855430513620377e-02 1.280047744512557983e-02 9.316060066223144531e+00
1.610441692173480988e-02 1.582554727792739868e-02 2.084350213408470154e-02 1.131332665681838989e-02 1.471822150051593781e-02 1.890086174011230469e+00 7.739669680595397949e-01 9.123557806015014648e-01 8.504208177328109741e-03 1.660335808992385864e-02
2.611980028450489044e-02 4.042644023895263672e+00 6.736126422882080078e+00 2.452093921601772308e-02 1.991138267517089844e+01 3.867790102958679199e-02 2.649660967290401459e-02 6.152305006980895996e-02 4.038001632690429688e+01 4.517031461000442505e-02
1.369291534423828125e+02 2.086079306900501251e-02 1.151094026863574982e-02 1.403001043945550919e-02 3.428573369979858398e+00 6.650690078735351562e+00 1.103852987289428711e+00 1.196273639798164368e-01 2.038811147212982178e-02 1.213129237294197083e-02
2.993933297693729401e-02 4.511270672082901001e-02 4.429218545556068420e-02 4.331276938319206238e-02 3.909033164381980896e-02 3.445868566632270813e-02 4.709528386592864990e-02 3.134034946560859680e-02 3.494187071919441223e-02 1.719937324523925781e+00
1.205027382820844650e-02 1.501365471631288528e-02 8.343301713466644287e-03 6.539977621287107468e-03 2.848600387573242188e+00 1.007532887160778046e-02 8.767809718847274780e-03 1.154086925089359283e-02 6.327716168016195297e-03 9.179029613733291626e-03
1.015089172869920731e-02 1.853998750448226929e-02 2.828380279242992401e-02 2.068229950964450836e-02 3.211156606674194336e+00 1.381144672632217407e-02 1.329626888036727905e-02 1.062272675335407257e-02 1.530866231769323349e-02 6.023175239562988281e+00
4.077377542853355408e-02 1.910438202321529388e-02 2.028208598494529724e-02 2.102335356175899506e-02 2.342222444713115692e-02 1.985705457627773285e-02 2.255719341337680817e-02 2.078700065612792969e-02 4.649352550506591797e+00 2.520675025880336761e-02
3.052433952689170837e-02 4.330940172076225281e-02 3.818340599536895752e-03 6.525440692901611328e+00 2.890743017196655273e+00 1.577162183821201324e-02 3.575468063354492188e-01 1.328525304794311523e+00 3.169997408986091614e-02 1.102441906929016113e+00
7.783420562744140625e+01 9.783815592527389526e-03 2.134139090776443481e-02 2.672892622649669647e-02 2.560363769531250000e+01 1.882710494101047516e-02 6.088995933532714844e-01 3.419984579086303711e+00 9.229432791471481323e-03 2.544634044170379639e-02
5.631899088621139526e-02 3.861530870199203491e-02 1.412536811828613281e+01 2.996885031461715698e-02 2.406034246087074280e-02 2.882489562034606934e-02 2.053029090166091919e-02 2.750616520643234253e-02 1.166473293304443359e+01 1.326693408191204071e-02
6.689554080367088318e-03 6.982367038726806641e+00 1.692913100123405457e-02 9.210860356688499451e-03 1.395212765783071518e-02 6.240707822144031525e-03 6.217288784682750702e-03 5.645960103720426559e-03 6.443193182349205017e-03 1.427627447992563248e-02
4.256872925907373428e-03 5.520124816894531250e+01 2.374186515808105469e+00 6.690841633826494217e-03 3.394458293914794922e+00 1.830487698316574097e-02 1.489725112915039062e+01 1.427025254815816879e-02 3.142926096916198730e-02 1.977790236473083496e+00
5.717588901519775391e+00 3.824515640735626221e-02 2.903871797025203705e-02 1.705548353493213654e-02 5.032586574554443359e+00 2.626693534851074219e+01 1.418394502252340317e-02 5.396292209625244141e+00 9.489499032497406006e-03 2.261403203010559082e-02
2.362569049000740051e-02 1.083377562463283539e-02 6.364796161651611328e+00 2.917695231735706329e-02 1.682398080825805664e+00 1.493254955857992172e-02 1.365388184785842896e-02 3.364921212196350098e-01 1.374951470643281937e-02 1.313694845885038376e-02
4.536231234669685364e-02 4.055211320519447327e-02 1.102254819124937057e-02 2.067123985290527344e+01 6.962369918823242188e+00 1.796180754899978638e-02 3.118112087249755859e-01 3.060212707519531250e+01 1.013058051466941833e-02 2.438453957438468933e-02
1.220859959721565247e-02 1.366725377738475800e-02 6.344519615173339844e+00 2.023522742092609406e-02 4.011916462332010269e-03 1.673803664743900299e-02 1.809201575815677643e-02 2.193204313516616821e-02 1.524120010435581207e-02 1.601799391210079193e-02
2.273980155587196350e-02 8.214161731302738190e-03 1.116281934082508087e-02 1.702374964952468872e-02 4.691952228546142578e+00 2.087983861565589905e-02 1.180047262459993362e-02 1.599086262285709381e-02 1.485611870884895325e-02 4.482645034790039062e+01
4.191830158233642578e+00 1.724964007735252380e-02 1.772508770227432251e-02 2.388993278145790100e-02 2.731967531144618988e-02 1.079645659774541855e-02 1.535646803677082062e-02 9.883767925202846527e-03 3.314513340592384338e-02 7.059890311211347580e-03
2.709460973739624023e+00 1.708551496267318726e-02 1.557401102036237717e-02 1.070765312761068344e-02 1.526893582195043564e-02 1.289840601384639740e-02 3.757862091064453125e+00 1.583224348723888397e-02 7.816870808601379395e-01 2.062159217894077301e-02
5.472559332847595215e-01 2.981964588165283203e+00 1.127230048179626465e+00 2.627271711826324463e-01 8.741163648664951324e-03 3.756014347076416016e+00 2.548876106739044189e-01 1.584017649292945862e-02 1.303061377257108688e-02 8.451715111732482910e-02
1.374201393127441406e+01 1.329313311725854874e-02 4.750494845211505890e-03 1.779673434793949127e-02 2.838551044464111328e+00 1.332918554544448853e-02 4.710761830210685730e-03 1.076908595860004425e-02 2.034739963710308075e-02 1.353806164115667343e-02
6.396343708038330078e-01 1.615258492529392242e-02 1.693435944616794586e-02 1.159946084022521973e+00 3.563236594200134277e-01 1.292930357158184052e-02 1.044508721679449081e-02 1.759940758347511292e-02 1.774473488330841064e-02 1.096107482910156250e+00
2.547777257859706879e-02 1.538895874023437500e+02 1.740296930074691772e-02 1.033281517028808594e+01 8.284171111881732941e-03 1.858838647603988647e-02 1.710106492042541504e+00 2.468445338308811188e-02 1.753693819046020508e-02 3.963454484939575195e+00
3.371214568614959717e-01 3.647655546665191650e-01 2.443395555019378662e-02 2.481107227504253387e-02 2.401707321405410767e-02 4.188982009887695312e+01 8.979574777185916901e-03 3.260590508580207825e-02 1.672955602407455444e-01 2.606466040015220642e-02
4.822235584259033203e+00 1.197909563779830933e-02 8.199472911655902863e-03 1.804136872291564941e+00 3.811157047748565674e-01 1.346953678876161575e-02 2.949026679992675781e+01 7.459680938720703125e+01 1.352769695222377777e-02 2.143057346343994141e+00
1.138133835047483444e-02 1.797797530889511108e-02 3.214440107345581055e+00 1.890677958726882935e-02 1.874831132590770721e-02 2.637263759970664978e-02 1.680270582437515259e-02 5.192251682281494141e+00 9.016621112823486328e-02 1.712612062692642212e-02
1.018269639462232590e-02 2.226548385620117188e+01 1.105735264718532562e-02 1.252857130020856857e-02 1.053792983293533325e-02 1.587807945907115936e-02 9.435513988137245178e-03 2.072833850979804993e-02 1.168611907958984375e+01 1.561125087738037109e+01
5.200971221923828125e+01 2.431509643793106079e-02 2.309723943471908569e-02 2.735648490488529205e-02 2.703166939318180084e-02 2.935492061078548431e-02 9.803406894207000732e-03 2.887260541319847107e-02 1.739195251464843750e+01 2.249019861221313477e+00
2.765173092484474182e-02 1.381431341171264648e+00 6.315264225006103516e+00 2.551097422838211060e-02 1.938682746887207031e+01 2.434597536921501160e-02 3.953759670257568359e-01 2.006734162569046021e-02 1.699991710484027863e-02 1.307501085102558136e-02
