7.197419647127389908e-03 1.889597997069358826e-02 2.035401947796344757e-02 2.150307036936283112e-02 1.735038682818412781e-02 2.066102251410484314e-02 9.568858146667480469e+00 1.144802808761596680e+00 4.970777779817581177e-03 1.620855368673801422e-02
5.081022530794143677e-02 8.897096849977970123e-03 2.601611800491809845e-02 7.901491224765777588e-02 3.295337408781051636e-02 3.806411474943161011e-02 4.528871476650238037e-01 4.866451397538185120e-02 3.784398734569549561e-02 4.534712806344032288e-02
1.625287160277366638e-02 1.890477910637855530e-02 7.274699807167053223e-01 1.349262427538633347e-02 1.597945764660835266e-02 2.244885444641113281e+00 1.083942037075757980e-02 1.228017825633287430e-02 7.112996578216552734e-01 1.482587866485118866e-02
1.358445072174072266e+01 2.103563880920410156e+01 7.253363609313964844e+00 9.899189695715904236e-03 2.644379436969757080e-02 2.332061342895030975e-02 5.551293373107910156e+00 1.354365330189466476e-02 1.144330855458974838e-02 1.898355782032012939e-02
3.362511470913887024e-02 3.908646851778030396e-02 5.351104214787483215e-02 3.826236724853515625e-02 3.202123567461967468e-02 3.396034240722656250e-02 4.441175609827041626e-02 5.380001068115234375e+01 4.794507473707199097e-02 3.555181995034217834e-02
6.109348535537719727e-01 2.211829088628292084e-02 1.682826614379882812e+01 1.522405911237001419e-02 1.416805759072303772e-02 2.314531564712524414e+00 1.024828553199768066e+00 1.179747104644775391e+00 1.296317204833030701e-02 2.328646183013916016e-02
1.379567291587591171e-02 1.480269711464643478e-02 1.088185142725706100e-02 1.365831214934587479e-02 1.160327438265085220e-02 1.799236424267292023e-02 2.339672110974788666e-02 1.632315479218959808e-02 6.006055355072021484e+00 1.387823559343814850e-02
7.047307491302490234e+00 5.396571755409240723e-01 3.811872005462646484e-02 1.049922686070203781e-02 1.513534970581531525e-02 1.883416250348091125e-02 1.377108413726091385e-02 1.801979184150695801e+00 6.552817821502685547e+00 1.667688600718975067e-02
1.545326262712478638e-01 5.748565196990966797e+00 3.774011433124542236e-01 3.000761754810810089e-02 3.288540244102478027e-02 3.575861454010009766e-02 2.793531864881515503e-02 1.854874801635742188e+01 4.583109915256500244e-02 2.692946046590805054e-02
1.907538652420043945e+00 2.503807283937931061e-02 2.053260989487171173e-02 1.314068306237459183e-02 7.963068783283233643e-03 1.756314188241958618e-02 1.805406250059604645e-02 2.266642823815345764e-02 2.433122873306274414e+00 1.311876438558101654e-02
9.204761505126953125e+00 8.207631856203079224e-02 2.606757640838623047e+00 4.521902650594711304e-02 7.998977184295654297e+00 5.445127934217453003e-02 4.315299540758132935e-02 6.439014524221420288e-02 5.684119462966918945e-02 2.211374640464782715e-01
2.372800827026367188e+00 1.540585793554782867e-02 5.215079307556152344e+00 8.030344732105731964e-03 1.694540306925773621e-02 2.705358341336250305e-02 1.086532883346080780e-02 1.238796329498291016e+01 3.673622512817382812e+01 1.333361212164163589e-02
1.416184753179550171e-02 3.601895179599523544e-03 1.523771405220031738e+00 1.600259728729724884e-02 1.781273819506168365e-02 2.969736480712890625e+01 2.209918014705181122e-02 3.735691606998443604e-01 1.484030578285455704e-02 5.429702810943126678e-03
1.084362063556909561e-02 1.494672708213329315e-02 1.473464444279670715e-02 1.303076185286045074e-02 2.829123055562376976e-03 3.120777308940887451e-01 2.127484977245330811e-02 2.443888425827026367e+00 1.143603026866912842e-02 5.310964584350585938e+01
6.891459941864013672e+00 1.340677123516798019e-02 6.363391876220703125e-03 1.165469074249267578e+01 1.548637729138135910e-02 1.468870509415864944e-02 1.856546103954315186e-02 1.531631406396627426e-02 1.167705934494733810e-02 3.981158971786499023e+00
1.657026633620262146e-02 6.713191512972116470e-03 1.554257143288850784e-02 2.124731428921222687e-02 6.164394378662109375e+00 3.293887674808502197e-01 1.239193882793188095e-02 6.539570689201354980e-01 1.403924170881509781e-02 5.411722697317600250e-03
2.145803719758987427e-02 1.210146942138671875e+02 1.976888254284858704e-02 3.224485553801059723e-03 1.377702038735151291e-02 1.481766346842050552e-02 1.654132828116416931e-02 6.275798659771680832e-03 1.768090203404426575e-02 3.809494078159332275e-01
3.006714023649692535e-02 3.751879185438156128e-02 2.624035626649856567e-02 3.350325673818588257e-02 5.581163614988327026e-02 6.038482859730720520e-02 2.925733476877212524e-02 4.494987055659294128e-02 2.682377398014068604e-02 3.353342413902282715e-02
1.426443085074424744e-02 1.581852149963378906e+01 4.056514706462621689e-03 4.885633010417222977e-03 1.533327624201774597e-02 1.252630446106195450e-02 6.653431337326765060e-03 2.569036006927490234e+00 7.338688708841800690e-03 8.397644996643066406e+00
3.681752204895019531e+00 1.561482157558202744e-02 1.823603175580501556e-02 1.724993437528610229e-02 9.114282578229904175e-02 9.219069033861160278e-02 1.576657965779304504e-02 1.259362231940031052e-02 1.171376183629035950e-02 1.093756500631570816e-02
1.627394929528236389e-02 6.597850322723388672e+00 1.460417080670595169e-02 1.389023289084434509e-02 1.782816089689731598e-02 4.194112300872802734e+00 2.944575436413288116e-02 2.533121779561042786e-02 2.547551132738590240e-02 2.479701116681098938e-02
2.062527835369110107e-02 1.246762156486511230e+00 2.217072725296020508e+00 1.129955518990755081e-02 2.256724052131175995e-02 5.389912128448486328e+00 3.801494121551513672e+00 2.551202476024627686e-02 3.499189138412475586e+00 2.011559158563613892e-02
1.655162498354911804e-02 2.701978199183940887e-02 1.947453431785106659e-02 5.556413903832435608e-03 1.799422025680541992e+00 2.081186510622501373e-02 9.521367959678173065e-03 1.567772775888442993e-02 1.902126520872116089e-02 1.629861444234848022e-02
1.743555814027786255e-02 5.982626080513000488e-01 1.197024059295654297e+01 5.685691535472869873e-02 4.083647206425666809e-02 1.914453697204589844e+01 1.861649937927722931e-02 9.685415774583816528e-02 2.506386674940586090e-02 6.463424682617187500e+00
1.373031258583068848e+00 1.350608281791210175e-02 1.283344533294439316e-02 1.173600554466247559e-02 1.927506364881992340e-02 1.121121458709239960e-02 5.144266039133071899e-02 2.999482154846191406e+00 3.021177053451538086e-01 4.379624128341674805e-01
1.642337441444396973e-02 6.444858759641647339e-02 9.274655953049659729e-03 3.132493048906326294e-02 1.814991049468517303e-02 1.261961366981267929e-02 1.624767494201660156e+01 1.170513126999139786e-02 1.041276287287473679e-02 1.358979474753141403e-02
1.032836055755615234e+01 1.716603088378906250e+01 1.243702694773674011e-02 2.039299532771110535e-02 1.797805912792682648e-02 1.999518275260925293e+00 1.699729077517986298e-02 1.195322535932064056e-02 2.298762463033199310e-02 1.544219684600830078e+01
1.332465931773185730e-02 1.186517905443906784e-02 6.097511947154998779e-02 1.793250441551208496e+00 3.010503761470317841e-02 7.496877193450927734e+00 9.810336865484714508e-03 3.251546621322631836e-02 4.767511412501335144e-02 2.258390001952648163e-02
1.349537912756204605e-02 2.058585640043020248e-03 1.738586649298667908e-02 1.653630658984184265e-02 2.215091325342655182e-02 1.009564399719238281e+00 1.281065773218870163e-02 2.006468363106250763e-02 1.008643396198749542e-02 8.242780342698097229e-03
2.530573680996894836e-02 4.560843706130981445e-01 9.077296853065490723e-01 3.034015744924545288e-02 2.517283707857131958e-02 1.249446392059326172e+01 2.623979568481445312e+00 2.276216000318527222e-01 4.671572446823120117e-01 1.377801317721605301e-02
6.872817873954772949e-01 2.456838078796863556e-02 1.706319302320480347e-02 4.028088971972465515e-02 5.250446200370788574e-01 3.005868010222911835e-02 3.440765291452407837e-02 8.934958457946777344e+00 2.216990850865840912e-02 2.704978361725807190e-02
3.489451855421066284e-02 5.675197243690490723e-01 1.898674853146076202e-02 1.508323568850755692e-02 1.014321565628051758e+00 2.242765575647354126e-02 8.836395107209682465e-03 1.573756217956542969e+01 4.215113067626953125e+01 7.173727750778198242e-01
2.767340652644634247e-02 3.425731658935546875e+01 2.621325105428695679e-02 4.439668953418731689e-01 2.135053463280200958e-02 2.276907116174697876e-02 1.299234390258789062e+00 9.994208216667175293e-01 2.293714880943298340e-02 6.286469753831624985e-03
6.344088554382324219e+00 1.661193370819091797e+00 1.807779632508754730e-02 1.968086697161197662e-02 1.655434072017669678e-02 3.246448636054992676e-01 1.102061629295349121e+00 2.575885534286499023e+00 3.119670104980468750e+01 4.837090671062469482e-01
3.888809204101562500e+00 1.922170448303222656e+01 1.507300417870283127e-02 1.366642676293849945e-02 9.535193443298339844e+00 7.514460012316703796e-03 6.156782153993844986e-03 2.674180641770362854e-02 5.379253005981445312e+01 2.575031295418739319e-02
2.727152034640312195e-02 4.902153491973876953e+00 2.655713632702827454e-02 2.162924051284790039e+00 8.477945625782012939e-02 2.511575073003768921e-02 4.076689854264259338e-02 8.012387275695800781e+00 2.602813392877578735e-02 3.001529350876808167e-02
2.172446489334106445e+00 9.174245595932006836e-01 1.349533442407846451e-02 1.104351162910461426e+00 1.585549354553222656e+00 1.449444796890020370e-02 2.805232405662536621e-01 4.137380218505859375e+01 1.112000457942485809e-02 1.966908760368824005e-02
2.848577690124511719e+01 1.814521700143814087e-01 6.763131618499755859e+00 6.768138613551855087e-03 1.687293685972690582e-02 1.455350033938884735e-02 1.702857203781604767e-02 1.324217673391103745e-02 2.327956259250640869e-02 1.591763973236083984e+00
1.698597706854343414e-02 1.727096922695636749e-02 1.722358912229537964e-02 4.506754398345947266e+00 1.009341236203908920e-02 1.463380176573991776e-02 1.663368754088878632e-02 4.129955673217773438e+01 7.824497297406196594e-03 1.503910031169652939e-02
2.313180454075336456e-02 3.607151985168457031e+00 8.467500209808349609e-01 3.285538032650947571e-02 1.978191919624805450e-02 3.332036972045898438e+00 8.342709541320800781e-01 4.140819907188415527e-01 2.445717155933380127e-02 2.158389054238796234e-02
9.575599804520606995e-03 1.203757710754871368e-02 1.305121090263128281e-02 1.390870939940214157e-02 1.324929296970367432e-02 9.980790317058563232e-03 1.445102225989103317e-02 8.531641960144042969e+00 3.232164382934570312e+00 1.310625392943620682e-02
2.394563332200050354e-02 1.333984279632568359e+01 6.485323309898376465e-01 6.428743362426757812e+00 2.065640687942504883e-02 2.547128498554229736e-02 6.503351964056491852e-03 1.237577758729457855e-02 1.091772131621837616e-02 8.666329085826873779e-03
3.626141697168350220e-02 1.648581773042678833e-02 3.038435056805610657e-02 2.302719093859195709e-02 3.449711990356445312e+01 5.205621942877769470e-03 1.679251715540885925e-02 1.781867444515228271e-02 1.962831057608127594e-02 2.023136429488658905e-02
1.088352408260107040e-02 8.700226783752441406e+00 4.832060337066650391e+00 2.510843753814697266e+00 1.408138405531644821e-02 2.115166187286376953e-02 2.347384765744209290e-02 1.437454205006361008e-02 1.653926467895507812e+01 5.835108160972595215e-01
1.867143437266349792e-02 2.493992634117603302e-02 3.225009888410568237e-02 1.016690768301486969e-02 2.452287226915359497e-01 7.019277662038803101e-02 8.494987152516841888e-03 9.526358604431152344e+00 5.251535892486572266e+00 4.973031520843505859e+00
1.423134934157133102e-02 5.142009258270263672e-01 1.757279224693775177e-02 1.417354680597782135e-02 1.254748273640871048e-02 3.571123838424682617e+00 1.578883826732635498e-02 1.021257042884826660e-02 8.763889312744140625e+00 9.220951236784458160e-03
5.976051807403564453e+00 1.712158694863319397e-02 1.100760884582996368e-02 1.128102093935012817e-02 6.643322467803955078e+00 4.925678710937500000e+02 9.360044263303279877e-03 2.106689661741256714e-02 9.596139192581176758e-03 8.904529735445976257e-03
1.477334089577198029e-02 1.803797855973243713e-02 2.022878639400005341e-02 1.741319708526134491e-02 2.917963080108165741e-02 2.703301608562469482e-02 1.068172417581081390e-02 2.485008910298347473e-02 2.103986032307147980e-02 1.287720584869384766e+01
1.941919513046741486e-02 9.948409162461757660e-03 2.102885723114013672e+00 2.240446209907531738e-01 7.624159753322601318e-02 4.928341388702392578e+00 1.913625188171863556e-02 4.462662637233734131e-01 1.909291744232177734e-02 3.128330111503601074e-01
1.473575782775878906e+01 5.702759265899658203e+00 1.535981800407171249e-02 9.000198245048522949e-01 3.321588411927223206e-02 2.161463350057601929e-02 1.700707435607910156e+01 4.912431351840496063e-03 1.257421355694532394e-02 1.361275672912597656e+00
1.397607009857892990e-02 1.681946404278278351e-02 1.435522842407226562e+01 6.559639739990234375e+01 3.796234130859375000e+00 1.786798983812332153e-02 1.785425841808319092e-02 1.186189614236354828e-02 6.574672460556030273e-01 3.033667373657226562e+01
1.468828041106462479e-02 1.344983000308275223e-02 3.854366391897201538e-02 1.885923184454441071e-02 1.811282150447368622e-02 1.527663320302963257e-02 1.550685614347457886e-02 1.186566334217786789e-02 7.939862087368965149e-03 7.371511459350585938e+00
1.743165403604507446e-02 1.184037979692220688e-02 1.612483382225036621e+00 1.678413009643554688e+01 1.580391079187393188e-02 3.261006623506546021e-02 1.744972541928291321e-02 3.380999088287353516e+00 2.245575934648513794e-02 1.680092699825763702e-02
1.576545275747776031e-02 1.242988649755716324e-02 1.784927025437355042e-02 1.556425075978040695e-02 1.644047908484935760e-02 2.082833647727966309e-02 8.013911545276641846e-02 1.432339427992701530e-03 1.604961417615413666e-02 2.021920122206211090e-02
1.542237773537635803e-02 1.921044476330280304e-02 7.093058109283447266e+00 1.738476566970348358e-02 1.643614098429679871e-02 1.936559379100799561e-02 1.887456327676773071e-02 1.254863166809082031e+01 2.270700782537460327e-02 2.657054185867309570e+00
2.725283429026603699e-02 1.964356936514377594e-02 9.413331985473632812e+00 1.718322560191154480e-02 1.280857063829898834e-02 5.073922220617532730e-03 1.030799187719821930e-02 3.484242439270019531e+00 2.056649699807167053e-02 7.919068336486816406e-01
3.442952036857604980e-02 2.065170860290527344e+01 2.832544222474098206e-02 3.741580992937088013e-02 3.396468237042427063e-02 4.523071646690368652e-02 3.239271789789199829e-02 3.893107548356056213e-02 2.911872975528240204e-02 8.888997077941894531e+00
3.060546889901161194e-02 2.571853064000606537e-02 1.541006565093994141e+01 3.875775262713432312e-02 2.124951966106891632e-02 2.267569489777088165e-02 1.554592609405517578e+01 2.946501970291137695e-02 6.293888390064239502e-02 3.776085749268531799e-02
8.491224609315395355e-03 1.398495491594076157e-02 7.293654978275299072e-02 2.119778251647949219e+01 3.266367688775062561e-02 4.475766420364379883e-01 4.256726455688476562e+01 1.068094279617071152e-02 1.104225032031536102e-02 2.212007530033588409e-02
2.736790478229522705e-02 2.259249053895473480e-02 2.317548543214797974e-02 2.480612322688102722e-02 1.694141268730163574e+00 1.068898868560791016e+01 1.922553591430187225e-02 1.301361471414566040e-01 3.461593017578125000e+02 2.545152790844440460e-02
1.807208172976970673e-02 3.712947845458984375e+00 8.812599815428256989e-03 1.739270612597465515e-02 1.437388826161623001e-02 1.634048111736774445e-02 2.389065980911254883e+00 1.268256828188896179e-02 1.089512348175048828e+00 1.671310700476169586e-02
2.802253328263759613e-02 1.130797993391752243e-02 1.692243292927742004e-02 3.747454452514648438e+01 1.484158448874950409e-02 1.345183700323104858e-02 7.292130496352910995e-03 1.067593860626220703e+01 2.244310453534126282e-02 1.485241390764713287e-02
3.343304619193077087e-02 7.267054915428161621e-01 2.390292659401893616e-02 2.082926407456398010e-02 2.840955162048339844e+01 4.104902744293212891e+00 7.991590499877929688e-01 3.909395635128021240e-02 2.096167020499706268e-02 4.169615936279296875e+01
1.678979158401489258e+00 9.457194060087203979e-02 1.168984696269035339e-01 3.702138960361480713e-01 8.485033363103866577e-02 1.350449025630950928e-01 1.585108488798141479e-01 8.534359335899353027e-01 2.879357099533081055e+00 8.912430763244628906e+00
1.345065534114837646e-01 8.013561367988586426e-01 2.351094596087932587e-02 1.932906918227672577e-02 2.002456784248352051e-02 1.864092610776424408e-02 2.295890617370605469e+01 1.553995441645383835e-02 1.531556224822998047e+01 1.188958063721656799e-02
1.458864472806453705e-02 1.234354451298713684e-02 1.368277147412300110e-02 2.046203985810279846e-02 2.850624561309814453e+00 1.246744673699140549e-02 2.041216008365154266e-02 1.900032907724380493e-02 1.777418702840805054e-02 1.611513644456863403e-02
1.406462574005126953e+01 2.291991561651229858e-02 1.528941188007593155e-02 2.170922607183456421e-02 2.502726763486862183e-02 1.712973974645137787e-02 2.861515522003173828e+00 2.640204727649688721e-01 1.113697513937950134e-02 3.017699532210826874e-02
2.794324874877929688e+00 2.656269259750843048e-02 3.199234977364540100e-02 1.791368983685970306e-02 2.761439383029937744e-01 2.519095875322818756e-02 1.830612868070602417e-02 4.690528392791748047e+00 5.826818756759166718e-03 1.954695954918861389e-02
3.119344450533390045e-02 1.989277452230453491e-02 4.557963371276855469e+00 1.693304628133773804e-02 3.179374337196350098e-02 2.270195074379444122e-02 4.963143169879913330e-02 2.830931916832923889e-02 1.616897583007812500e+01 1.886096382141113281e+01
1.852330379188060760e-02 5.652028083801269531e+00 2.064199373126029968e-02 5.411436781287193298e-03 6.134966854006052017e-03 1.251618191599845886e-02 1.209592539817094803e-02 1.870434544980525970e-02 5.493267774581909180e-01 1.832926273345947266e-02
1.614845916628837585e-02 3.360848501324653625e-02 6.927005767822265625e+00 2.841372229158878326e-02 4.188758507370948792e-02 3.309613466262817383e-02 1.001895070075988770e+00 2.317080460488796234e-02 4.356584325432777405e-02 1.352626737207174301e-02
2.102745324373245239e-02 3.799915686249732971e-02 4.698219150304794312e-02 5.059514939785003662e-02 6.023055687546730042e-02 3.943356871604919434e-02 3.882244229316711426e-02 1.229853183031082153e-02 5.459971427917480469e+00 1.910269632935523987e-02
2.223400957882404327e-02 2.354380935430526733e-01 1.254526615142822266e+00 9.409477561712265015e-02 4.148371124267578125e+01 1.009389019012451172e+01 2.173812091350555420e-01 1.407360564917325974e-02 2.424201741814613342e-02 6.864160299301147461e-01
1.804161258041858673e-02 2.222625923156738281e+01 5.426811426877975464e-02 4.480475902557373047e+00 1.377274096012115479e-02 2.647898159921169281e-02 9.137784838676452637e-01 7.455562241375446320e-03 8.347335271537303925e-03 6.754003465175628662e-02
1.092422008514404297e-02 1.137667149305343628e-02 1.031447295099496841e-02 6.784304510802030563e-03 6.165816307067871094e+00 1.411419268697500229e-02 1.173484884202480316e-02 8.756428025662899017e-03 6.095060147345066071e-03 1.451714243739843369e-02
1.447557564824819565e-02 9.218707084655761719e+00 8.146566338837146759e-03 2.987874269485473633e+00 1.027963962405920029e-02 1.984312385320663452e-02 9.084952995181083679e-03 1.827126555144786835e-02 2.064414694905281067e-02 1.702287979423999786e-02
1.129883062094449997e-02 1.168756559491157532e-02 1.620297133922576904e-02 7.795862387865781784e-03 3.015766441822052002e-01 6.055464036762714386e-03 9.049357846379280090e-03 1.407801732420921326e-02 2.160038053989410400e-02 5.212224006652832031e+00
7.954956963658332825e-03 1.732318103313446045e-02 1.754540205001831055e-02 5.022000312805175781e+00 1.718870922923088074e-02 5.947935860604047775e-03 2.069677039980888367e-02 2.661379612982273102e-02 1.986449956893920898e-02 1.239507645368576050e-02
2.069903723895549774e-02 3.030578419566154480e-02 6.164081573486328125e+00 5.567033290863037109e+00 1.870300807058811188e-02 2.100075595080852509e-02 1.488735061138868332e-02 2.404239960014820099e-02 1.182859390974044800e-02 1.294915843755006790e-02
3.737134486436843872e-02 6.340820312500000000e+00 7.564049214124679565e-03 1.977942325174808502e-02 5.908656597137451172e+00 1.532931060791015625e+02 2.626386098563671112e-02 2.718492224812507629e-02 1.893665269017219543e-02 6.082966178655624390e-02
1.508656982332468033e-02 1.240788745880126953e+01 2.191984415054321289e+00 4.981137084960937500e+01 2.213091775774955750e-02 1.945895701646804810e-02 8.896362036466598511e-03 1.769673638045787811e-02 1.314309891313314438e-02 5.956155300140380859e+00
1.894520968198776245e-02 6.985887050628662109e+00 1.209076680243015289e-02 5.955286502838134766e+00 1.268387213349342346e-02 1.209647487848997116e-02 4.209656715393066406e+00 1.252356823533773422e-02 1.235746219754219055e-02 1.856221631169319153e-02
1.632799580693244934e-02 2.845620393753051758e+00 6.158045768737792969e+00 4.295950233936309814e-01 2.325962638854980469e+01 7.844720780849456787e-02 1.386350765824317932e-02 8.151683956384658813e-02 3.622704029083251953e+00 1.827864074707031250e+01
1.606640219688415527e-02 1.501499116420745850e-02 1.422708481550216675e-02 8.104764223098754883e-01 1.986995898187160492e-02 3.135125875473022461e+00 2.536141157150268555e+00 1.234950590878725052e-02 3.698744297027587891e+00 2.079768371582031250e+01
1.308949351310729980e+00 4.704543948173522949e-02 5.340231955051422119e-02 7.177334278821945190e-02 9.214314818382263184e-02 5.349471047520637512e-02 1.291528940200805664e-01 6.189781427383422852e-02 7.287861406803131104e-02 5.568893626332283020e-02
8.030296303331851959e-03 1.073729339987039566e-02 1.207273453474044800e-02 1.225092262029647827e-02 6.949731349945068359e+00 6.000097751617431641e+00 2.205687388777732849e-02 1.892457902431488037e-02 1.735790260136127472e-02 1.926849782466888428e-02
2.114458084106445312e+01 1.872221007943153381e-02 1.984003372490406036e-02 4.213880281895399094e-03 2.474895000457763672e+00 3.356410980224609375e+00 5.634409427642822266e+00 7.100201677531003952e-03 3.416049107909202576e-02 1.958045363426208496e-02
2.014275826513767242e-02 1.536893472075462341e-02 2.659922838211059570e-02 4.290781915187835693e-01 2.967397570610046387e-01 7.854375056922435760e-03 5.607855796813964844e+00 3.168898820877075195e-02 2.858890220522880554e-02 8.108825683593750000e+00
2.307736687362194061e-02 2.332602024078369141e+00 2.303804643452167511e-02 1.963030733168125153e-02 3.988911819458007812e+01 1.341474987566471100e-02 2.313004434108734131e-02 7.013167720288038254e-03 2.463075146079063416e-02 4.559668064117431641e+00
1.713887974619865417e-02 2.110937424004077911e-02 1.672619953751564026e-02 2.058268524706363678e-02 3.842792659997940063e-02 2.746034860610961914e-01 3.788354992866516113e-02 4.709424972534179688e+00 2.083210833370685577e-02 1.266948506236076355e-02
3.458845242857933044e-02 1.110180560499429703e-02 2.358586899936199188e-02 9.812263771891593933e-03 5.144189834594726562e+00 1.918074488639831543e-02 2.768971025943756104e-02 2.232070453464984894e-02 2.511961199343204498e-02 1.734592020511627197e-02
1.568713597953319550e-02 1.437055319547653198e-02 1.577127911150455475e-02 1.571169123053550720e-02 1.558560691773891449e-02 1.006985642015933990e-02 5.849983077496290207e-03 1.429378427565097809e-02 1.469409465789794922e-02 3.180966615676879883e+00
1.878353238105773926e+00 2.765054814517498016e-02 1.602696068584918976e-02 5.828084945678710938e-01 2.690446777343750000e+02 2.388069964945316315e-02 1.480173040181398392e-02 2.074582315981388092e-02 4.814295768737792969e+00 4.877935163676738739e-03
2.810589224100112915e-02 2.973384618759155273e+00 2.253725007176399231e-02 2.351552434265613556e-02 1.561573613435029984e-02 1.978732272982597351e-02 1.888025924563407898e-02 1.215242967009544373e-02 2.342990227043628693e-02 4.071363806724548340e-02
1.893103308975696564e-02 1.899370789527893066e+00 6.010146737098693848e-01 1.823576539754867554e-01 6.015954911708831787e-02 7.469164580106735229e-02 2.465763092041015625e+00 8.046928793191909790e-03 5.185756087303161621e-01 3.089230507612228394e-02
2.272213436663150787e-02 3.465338468551635742e+00 3.082093410193920135e-02 4.594387859106063843e-02 4.962226748466491699e-02 2.945936657488346100e-02 3.760133683681488037e-02 1.739845983684062958e-02 3.320403769612312317e-02 9.128533303737640381e-03
1.279141902923583984e-01 2.198842912912368774e-02 1.451808307319879532e-02 1.027610898017883301e-02 1.785597018897533417e-02 6.285262107849121094e-01 6.785606861114501953e+00 2.285752817988395691e-02 5.400673300027847290e-02 1.335645187646150589e-02
2.981371246278285980e-03 1.485047303140163422e-02 1.983766555786132812e+01 1.172929815948009491e-02 4.589238643646240234e+00 7.252797018736600876e-03 1.157733891159296036e-02 1.732983067631721497e-02 1.619375610351562500e+01 1.318668387830257416e-02
4.561805725097656250e-02 8.412149429321289062e+00 1.375732421875000000e-01 2.134786415100097656e+01 4.485462605953216553e-02 4.084482789039611816e-02 5.093399062752723694e-02 4.645725339651107788e-02 5.625160783529281616e-02 4.580001160502433777e-02
1.516511850059032440e-02 1.245912265777587891e+01 1.460799388587474823e-02 1.965641140937805176e+00 1.056559197604656219e-02 1.585240475833415985e-02 3.887318074703216553e-01 3.346616268157958984e+00 1.027292251586914062e+00 3.169274330139160156e-01
