2.256528282165527344e+01 3.201361465454101562e+01 2.708051681518554688e+01 5.016376113891601562e+01 5.016377639770507812e+01 5.457939147949218750e+01 9.634873270988464355e-01 3.663547039031982422e+00 8.269107818603515625e+00 2.829652023315429688e+01
1.611732101440429688e+01 1.041131591796875000e+01 2.574562072753906250e+01 1.610481452941894531e+01 3.818180847167968750e+01 5.287288665771484375e+01 4.987410736083984375e+01 3.818137741088867188e+01 2.574544525146484375e+01 4.867907714843750000e+01
3.273502349853515625e+01 1.210191607475280762e+00 4.508105754852294922e+00 2.429570198059082031e+01 5.500000381469726562e+01 1.783396339416503906e+01 8.827584266662597656e+00 2.429565811157226562e+01 1.284878444671630859e+01 3.273493576049804688e+01
3.665774762630462646e-01 3.996694564819335938e+01 5.284708499908447266e+00 5.008794784545898438e+01 4.059650421142578125e+01 4.059765625000000000e+01 5.637437820434570312e+01 1.388103675842285156e+01 1.990694046020507812e+01 4.059843444824218750e+01
2.624380302429199219e+01 2.113264656066894531e+01 3.453990936279296875e+01 5.549944305419921875e+01 2.854958152770996094e+01 5.550002670288085938e+01 5.403961181640625000e+01 5.519434809684753418e-02 2.113268470764160156e+01 2.624365806579589844e+01
2.271152687072753906e+01 5.546535491943359375e+01 1.441434001922607422e+01 1.964611625671386719e+01 3.700099563598632812e+01 5.269063949584960938e+00 1.621952629089355469e+01 4.515082931518554688e+01 1.327088737487792969e+01 1.963685607910156250e+01
4.936700439453125000e+01 4.582099151611328125e+01 4.163732528686523438e+01 2.435719299316406250e+01 2.435714912414550781e+01 7.354991436004638672e+00 1.295982933044433594e+01 4.471878433227539062e+01 1.887302637100219727e+00 4.471877670288085938e+01
4.522840499877929688e+00 4.045854187011718750e+01 3.938094711303710938e+01 1.923843955993652344e+01 3.808248519897460938e+01 3.038995933532714844e+01 4.729808425903320312e+01 3.406695938110351562e+01 1.717576217651367188e+01 4.202322769165039062e+01
1.313764762878417969e+01 1.690853714942932129e+00 2.379277038574218750e+01 4.829665756225585938e+01 4.732821655273437500e+01 2.480139160156250000e+01 4.732789611816406250e+01 1.420916366577148438e+01 1.328858757019042969e+01 1.284139347076416016e+01
1.126895618438720703e+01 2.543793678283691406e+01 4.746388244628906250e+01 2.093773078918457031e+01 1.881311225891113281e+01 1.737237167358398438e+01 4.746384811401367188e+01 5.220545768737792969e+00 1.334143161773681641e+00 1.881084442138671875e+01
6.333278656005859375e+00 3.948898315429687500e+01 1.446186351776123047e+01 3.872391128540039062e+01 2.137258148193359375e+01 4.888795471191406250e+01 3.872712326049804688e+01 5.549981307983398438e+01 4.888521575927734375e+01 1.032792949676513672e+01
5.201585769653320312e+00 2.427107620239257812e+01 1.705862045288085938e+01 1.425542831420898438e+01 4.717568206787109375e+01 1.486935234069824219e+01 4.717580795288085938e+01 2.835817718505859375e+01 1.462222480773925781e+01 4.717572784423828125e+01
2.994822883605957031e+01 1.813689470291137695e+00 5.795225620269775391e+00 3.551795578002929688e+01 3.551791763305664062e+01 2.936100196838378906e+01 3.551791763305664062e+01 1.256978416442871094e+01 4.420687866210937500e+01 1.450764751434326172e+01
4.778275680541992188e+01 3.109028816223144531e+01 4.296955490112304688e+01 4.175231552124023438e+01 6.073597431182861328e+00 3.133583545684814453e+00 4.296949005126953125e+01 1.395822620391845703e+01 7.439394950866699219e+00 2.827879333496093750e+01
3.591592550277709961e+00 4.392830276489257812e+01 2.096456050872802734e+00 1.557325363159179688e+01 2.178775596618652344e+01 2.178782463073730469e+01 1.533215045928955078e+01 4.392811203002929688e+01 4.392818069458007812e+01 4.460794031620025635e-01
2.173368072509765625e+01 2.510325908660888672e+00 2.979852294921875000e+01 5.532570648193359375e+01 8.876971244812011719e+00 2.016575431823730469e+01 1.151988029479980469e+01 6.259575843811035156e+00 2.173526191711425781e+01 5.960848927497863770e-01
4.037671279907226562e+01 1.869418525695800781e+01 2.924894142150878906e+01 4.083956241607666016e+00 1.809431457519531250e+01 1.809449386596679688e+01 2.924914550781250000e+01 5.297273635864257812e+00 1.809445953369140625e+01 2.070473670959472656e+00
2.030922317504882812e+01 3.615664291381835938e+01 1.404016494750976562e+01 2.030928993225097656e+01 5.142319488525390625e+01 4.793840789794921875e+01 2.669835281372070312e+01 3.401139450073242188e+01 2.030898475646972656e+01 2.030934524536132812e+01
3.570830917358398438e+01 2.424782371520996094e+01 3.167470550537109375e+01 2.069476890563964844e+01 3.570840072631835938e+01 3.570847702026367188e+01 4.200944900512695312e+01 6.060526967048645020e-01 2.069466590881347656e+01 6.171426296234130859e+00
1.143875360488891602e+00 3.229316329956054688e+01 4.344950103759765625e+01 4.344957351684570312e+01 6.373760223388671875e+00 6.427023410797119141e+00 3.229314041137695312e+01 3.229316329956054688e+01 3.229307937622070312e+01 1.632780647277832031e+01
3.052577400207519531e+01 8.940494537353515625e+00 3.052586746215820312e+01 1.892502212524414062e+01 5.550001907348632812e+01 9.952007532119750977e-01 4.572948455810546875e+01 4.487608337402343750e+01 1.687029647827148438e+01 1.687903594970703125e+01
2.445562744140625000e+01 2.165402984619140625e+01 4.342834472656250000e+00 1.922536087036132812e+01 3.029147529602050781e+01 5.513642501831054688e+01 1.013844966888427734e+01 4.615046310424804688e+01 3.465849685668945312e+01 5.453621292114257812e+01
3.604458999633789062e+01 5.600010299682617188e+01 1.118859291076660156e+01 3.167119979858398438e+00 4.921463012695312500e+00 3.604452133178710938e+01 1.344869327545166016e+01 5.599999618530273438e+01 5.436484909057617188e+01 3.604457092285156250e+01
3.241230010986328125e+01 3.762697219848632812e+01 4.716259002685546875e+01 1.497338867187500000e+01 1.497354698181152344e+01 2.009100723266601562e+01 3.241233444213867188e+01 1.497598648071289062e+01 5.550000000000000000e+01 2.277896165847778320e+00
5.886753559112548828e+00 1.545256710052490234e+01 2.240739822387695312e+01 2.889988708496093750e+01 5.490396881103515625e+01 2.889964485168457031e+01 5.103178024291992188e+01 1.528985786437988281e+01 4.396020126342773438e+01 3.530604934692382812e+01
4.276197052001953125e+01 6.297375679016113281e+00 4.638984298706054688e+01 2.110032320022583008e+00 4.533244705200195312e+01 2.454240989685058594e+01 1.874131679534912109e+00 4.276192092895507812e+01 4.276193237304687500e+01 4.276189041137695312e+01
4.744893550872802734e+00 3.954527282714843750e+01 3.365506744384765625e+01 5.190806961059570312e+01 3.365506744384765625e+01 5.929727554321289062e-01 5.190764236450195312e+01 3.365507125854492188e+01 1.543168830871582031e+01 4.933243560791015625e+01
2.915154075622558594e+01 3.311296463012695312e+01 1.898471641540527344e+01 4.393007755279541016e+00 5.109012603759765625e+01 1.210572814941406250e+01 1.026460838317871094e+01 5.108969497680664062e+01 1.762307548522949219e+01 3.738145828247070312e+01
2.834452056884765625e+01 5.927917480468750000e+00 2.834437751770019531e+01 1.204957246780395508e+00 5.204153060913085938e+01 1.784746551513671875e+01 4.436128139495849609e+00 5.204150009155273438e+01 2.834454727172851562e+01 7.538167476654052734e+00
3.686211776733398438e+01 1.314700961112976074e+00 3.515992641448974609e+00 3.686215591430664062e+01 5.082058334350585938e+01 3.361514663696289062e+01 1.423173695802688599e-01 2.761206865310668945e+00 8.305890083312988281e+00 4.362856674194335938e+01
8.992888331413269043e-01 1.356583023071289062e+01 5.371668243408203125e+01 4.224558639526367188e+01 2.792845153808593750e+01 5.292113113403320312e+01 5.371448898315429688e+01 4.163820743560791016e+00 1.998395729064941406e+01 1.270589065551757812e+01
2.656975364685058594e+01 1.278935623168945312e+01 5.234552383422851562e+01 5.234556961059570312e+01 2.670387029647827148e+00 5.234551620483398438e+01 8.407299041748046875e+00 1.566615009307861328e+01 2.471640777587890625e+01 4.684548187255859375e+01
5.114177322387695312e+01 6.326422691345214844e+00 5.114212417602539062e+01 2.801331520080566406e+01 8.232794761657714844e+00 1.558311557769775391e+01 1.221684455871582031e+01 5.077496528625488281e+00 8.931394577026367188e+00 2.163125991821289062e+00
9.856634140014648438e+00 3.895525693893432617e+00 3.230817794799804688e+01 3.330127716064453125e+01 1.915973091125488281e+01 5.045399093627929688e+01 2.135956954956054688e+01 4.651130199432373047e+00 5.524863052368164062e+01 3.541896820068359375e+01
1.221316456794738770e+00 1.669005490839481354e-02 3.399531936645507812e+01 3.991019821166992188e+01 4.181764984130859375e+01 1.675983238220214844e+01 1.791266822814941406e+01 9.609823226928710938e+00 4.242913818359375000e+01 3.399505615234375000e+01
1.585662364959716797e+01 5.316802978515625000e+01 1.585655117034912109e+01 2.372953891754150391e-01 3.915813446044921875e+00 3.099315261840820312e+01 4.014889526367187500e+01 5.267821884155273438e+01 5.527312088012695312e+01 3.099354553222656250e+01
2.341460418701171875e+01 3.232407760620117188e+01 2.944709014892578125e+01 5.013028621673583984e+00 1.112936210632324219e+01 2.944529914855957031e+01 1.734079742431640625e+01 4.798830795288085938e+01 2.944640350341796875e+01 4.684600830078125000e+01
1.693214327096939087e-01 3.926689529418945312e+01 2.822112321853637695e+00 3.062183570861816406e+01 2.632741928100585938e+01 2.632756042480468750e+01 2.632660865783691406e+01 2.632757377624511719e+01 4.433665466308593750e+01 3.528721237182617188e+01
5.550001907348632812e+01 2.949705696105957031e+01 4.636037063598632812e+01 1.370747208595275879e+00 5.550003051757812500e+01 5.671850967407226562e+01 2.949709701538085938e+01 9.761510044336318970e-02 5.549999618530273438e+01 4.636030578613281250e+01
2.761495399475097656e+01 1.182804107666015625e+01 2.654575586318969727e+00 5.213215637207031250e+01 2.761465454101562500e+01 9.633624076843261719e+00 5.900951385498046875e+00 3.217403793334960938e+01 5.213036727905273438e+01 2.761477470397949219e+01
2.013600730895996094e+01 2.134362602233886719e+01 4.915163040161132812e+01 2.940495491027832031e+01 4.915200805664062500e+01 2.940489196777343750e+01 3.817668151855468750e+01 1.046860599517822266e+01 4.790990650653839111e-01 2.827745437622070312e+01
3.506513595581054688e+01 1.149335956573486328e+01 3.557983398437500000e+00 1.234039783477783203e+01 4.624924850463867188e+01 3.244536972045898438e+01 1.089164161682128906e+01 3.336102676391601562e+01 3.898577880859375000e+01 2.794925117492675781e+01
2.777218580245971680e+00 4.735037994384765625e+01 3.098307800292968750e+01 3.098247337341308594e+01 3.825534439086914062e+01 5.550337791442871094e+00 3.098175430297851562e+01 4.735041427612304688e+01 4.735038757324218750e+01 3.098230743408203125e+01
1.543668174743652344e+01 1.202217292785644531e+01 5.820290088653564453e+00 8.393561244010925293e-01 3.121813583374023438e+01 4.427305984497070312e+01 4.427309417724609375e+01 3.280488204956054688e+01 4.746702575683593750e+01 2.034040069580078125e+01
3.538308715820312500e+01 2.435283851623535156e+01 3.801689910888671875e+01 3.538386535644531250e+01 9.799471855163574219e+00 7.156610965728759766e+00 4.664113235473632812e+01 6.609332084655761719e+00 3.549162292480468750e+01 3.818902969360351562e+01
3.656359481811523438e+01 4.073419272899627686e-01 3.656356811523437500e+01 9.501611709594726562e+00 2.256975936889648438e+01 2.314256280660629272e-01 5.688211822509765625e+01 2.256914329528808594e+01 1.410331821441650391e+01 2.256997680664062500e+01
4.153426170349121094e+00 5.549998855590820312e+01 3.909459304809570312e+01 3.909439849853515625e+01 4.472231674194335938e+01 2.335654830932617188e+01 4.220622634887695312e+01 1.152786064147949219e+01 4.220622634887695312e+01 2.599361419677734375e+01
1.782970809936523438e+01 1.782975959777832031e+01 3.994596481323242188e+01 4.047689056396484375e+01 2.269404220581054688e+01 2.269424438476562500e+01 4.355072402954101562e+01 5.231475067138671875e+01 5.231496810913085938e+01 4.442279338836669922e+00
3.932696914672851562e+01 3.163344383239746094e+01 1.573634052276611328e+01 1.110921955108642578e+01 7.887968063354492188e+00 1.941214680671691895e+00 2.892298316955566406e+01 4.960056781768798828e+00 3.084525489807128906e+01 1.980648517608642578e+00
2.190891265869140625e+01 2.311565637588500977e+00 2.777832031250000000e+01 6.862022399902343750e+00 3.007817029953002930e+00 4.363634490966796875e+01 1.524461174011230469e+01 3.007930994033813477e+00 5.707500076293945312e+01 2.303369712829589844e+01
2.228742599487304688e+01 4.547208023071289062e+01 2.022374725341796875e+01 9.554319381713867188e+00 4.327223300933837891e+00 4.547234344482421875e+01 2.875189399719238281e+01 2.228743743896484375e+01 1.759030914306640625e+01 2.243808984756469727e+00
2.689944839477539062e+01 3.443091630935668945e+00 2.151141738891601562e+01 2.689948081970214844e+01 2.150950813293457031e+01 1.789845466613769531e+01 2.150909233093261719e+01 8.909638404846191406e+00 2.004773378372192383e+00 1.407681941986083984e+01
2.553922080993652344e+01 5.550003814697265625e+01 6.532263755798339844e-01 5.516156196594238281e+00 2.553944778442382812e+01 2.278584289550781250e+01 4.065766143798828125e+01 4.195923328399658203e+00 4.065715026855468750e+01 4.065729141235351562e+01
3.777389526367187500e+00 3.349845886230468750e+01 2.981862831115722656e+01 4.467998886108398438e+01 2.981868934631347656e+01 1.003305435180664062e+01 2.965650796890258789e+00 6.755152702331542969e+00 2.981871986389160156e+01 2.940398693084716797e+00
2.393095016479492188e+01 2.393100166320800781e+01 1.176457309722900391e+01 9.619920730590820312e+00 5.610977172851562500e+01 4.400158691406250000e+01 5.611007308959960938e+01 2.172623634338378906e+01 3.023605346679687500e+01 9.298706799745559692e-02
4.998632431030273438e+01 3.065067672729492188e+01 2.270391464233398438e+01 3.065071105957031250e+01 3.200840759277343750e+01 1.504251718521118164e+00 9.337358474731445312e+00 1.609312438964843750e+01 1.958818626403808594e+01 4.096232414245605469e+00
1.437829208374023438e+01 2.302380752563476562e+01 3.429647827148437500e+01 4.045048904418945312e+01 2.621307373046875000e+01 1.437770843505859375e+01 5.550064086914062500e+01 5.142652893066406250e+01 3.429652023315429688e+01 4.699090957641601562e+01
5.390932846069335938e+01 4.782118225097656250e+01 2.469380378723144531e+01 2.293126487731933594e+01 5.391048812866210938e+01 5.390974044799804688e+01 5.480965137481689453e+00 4.782271575927734375e+01 1.981569671630859375e+01 5.390963745117187500e+01
4.854897022247314453e+00 2.480813407897949219e+01 1.112052631378173828e+01 3.862266540527343750e+01 4.340390777587890625e+01 9.309609413146972656e+00 2.393038177490234375e+01 2.937462997436523438e+01 3.451214599609375000e+01 2.480832099914550781e+01
2.176670265197753906e+01 5.600001525878906250e+01 2.176412963867187500e+01 2.176937675476074219e+01 6.527606964111328125e+00 1.173331356048583984e+01 3.287054443359375000e+01 3.085621833801269531e+00 3.908708953857421875e+01 5.600069427490234375e+01
4.177536773681640625e+01 1.736391639709472656e+01 1.868289947509765625e+01 4.177522277832031250e+01 4.177499389648437500e+01 3.522694396972656250e+01 5.023855209350585938e+00 4.810315322875976562e+01 8.450564146041870117e-01 9.451515197753906250e+00
1.456045913696289062e+01 2.337334156036376953e+00 4.682245254516601562e+01 4.024393844604492188e+01 4.682257080078125000e+01 2.935910606384277344e+01 8.209651947021484375e+00 4.530118942260742188e+00 1.456000900268554688e+01 2.935909271240234375e+01
1.401569938659667969e+01 5.189435577392578125e+01 4.161816024780273438e+01 4.511431503295898438e+01 3.597312927246093750e+01 3.358314633369445801e-01 5.227542877197265625e+01 2.244892883300781250e+01 4.511437988281250000e+01 3.939533233642578125e+01
9.655002355575561523e-01 2.882552146911621094e+01 2.882629203796386719e+01 5.393926239013671875e+01 2.882462692260742188e+01 3.914292526245117188e+01 2.882911491394042969e+01 3.925307464599609375e+01 1.391847991943359375e+01 4.460349306464195251e-02
9.257974624633789062e+00 2.785819053649902344e+00 5.549991989135742188e+01 3.312976837158203125e+01 5.550006484985351562e+01 5.550000381469726562e+01 3.616098403930664062e+01 1.372982883453369141e+01 1.119618415832519531e+00 2.074102592468261719e+01
4.878350067138671875e+01 4.878392028808593750e+01 3.983737564086914062e+01 1.156364059448242188e+01 6.300510168075561523e-01 4.878346252441406250e+01 1.812505531311035156e+01 5.219285583496093750e+01 4.878395080566406250e+01 3.983740615844726562e+01
1.012704610824584961e+00 4.937575149536132812e+01 5.550000000000000000e+01 5.550000762939453125e+01 4.389697647094726562e+01 5.549995422363281250e+01 2.441166162490844727e+00 3.019449424743652344e+01 3.812147903442382812e+01 1.011294364929199219e+01
4.006973743438720703e+00 5.599998474121093750e+01 4.103887557983398438e+01 3.142600822448730469e+01 4.165472984313964844e+00 4.103868103027343750e+01 2.929861640930175781e+01 1.650580406188964844e+01 8.597006797790527344e+00 2.929865837097167969e+01
3.085342025756835938e+01 4.577225112915039062e+01 5.388811588287353516e+00 4.577122879028320312e+01 2.044327926635742188e+01 1.887005043029785156e+01 1.748535990715026855e+00 2.172465515136718750e+01 1.204374599456787109e+01 9.786103248596191406e+00
1.209288883209228516e+01 1.400589108467102051e+00 4.228386306762695312e+01 2.157008361816406250e+01 2.283725166320800781e+01 4.229060745239257812e+01 4.229049682617187500e+01 1.210286426544189453e+01 2.726690101623535156e+01 4.228465270996093750e+01
5.187163543701171875e+01 4.532278060913085938e+01 2.075269699096679688e+00 2.638144683837890625e+01 4.532844161987304688e+01 4.532406997680664062e+01 3.897354507446289062e+01 2.638174247741699219e+01 9.338417053222656250e+00 1.699439239501953125e+01
5.600000381469726562e+01 3.675077056884765625e+01 1.357381725311279297e+01 2.363575744628906250e+01 1.357654285430908203e+01 3.675137329101562500e+01 1.980335426330566406e+01 5.599956130981445312e+01 2.717466652393341064e-01 5.600062942504882812e+01
2.114956092834472656e+01 4.635383605957031250e+01 5.285846328735351562e+01 1.511771774291992188e+01 3.296431732177734375e+01 4.104232788085937500e-01 3.452810287475585938e+01 1.208775901794433594e+01 3.968877410888671875e+01 3.897972822189331055e+00
1.874423027038574219e+01 7.676763153076171875e+01 4.836147689819335938e+01 6.978381156921386719e+00 1.874413299560546875e+01 4.834841156005859375e+01 5.234299659729003906e+00 9.327630996704101562e+00 3.052813529968261719e+00 4.836920928955078125e+01
5.144973754882812500e+00 1.279992771148681641e+01 1.357721900939941406e+01 3.868209838867187500e+01 2.618100881576538086e+00 4.394204330444335938e+01 1.279779911041259766e+01 1.279456138610839844e+01 3.088539505004882812e+01 4.392785644531250000e+01
3.398208236694335938e+01 1.995386886596679688e+01 1.925215530395507812e+01 1.303683161735534668e+00 5.041996002197265625e+00 3.398219680786132812e+01 3.398207855224609375e+01 3.398221969604492188e+01 1.212729263305664062e+01 4.369128036499023438e+01
8.929748535156250000e+00 1.593095207214355469e+01 4.564345932006835938e+01 1.978714179992675781e+01 6.880364418029785156e+00 1.303654289245605469e+01 4.565429306030273438e+01 4.248442649841308594e+00 5.559538269042968750e+01 3.180186986923217773e+00
3.560203552246093750e+01 4.479495239257812500e+01 3.424283599853515625e+01 1.201341629028320312e+00 4.479494094848632812e+01 2.887572288513183594e+01 3.424278640747070312e+01 3.348566436767578125e+01 3.424278259277343750e+01 5.550000381469726562e+01
2.994853782653808594e+01 4.173588752746582031e+00 4.083572006225585938e+01 1.572040915489196777e+00 2.129133796691894531e+01 5.688261508941650391e+00 4.275962448120117188e+01 2.994890213012695312e+01 3.563488006591796875e+01 2.052799224853515625e+01
1.504979324340820312e+01 1.914253044128417969e+01 3.571099853515625000e+01 4.603829193115234375e+01 2.179523408412933350e-01 2.826888656616210938e+01 3.797134017944335938e+01 3.797129440307617188e+01 4.603821945190429688e+01 1.205944538116455078e+01
4.054349899291992188e+01 1.169817066192626953e+01 4.900486373901367188e+01 4.555268096923828125e+01 2.249148750305175781e+01 4.054388809204101562e+01 4.323071002960205078e+00 3.501786422729492188e+01 4.054343032836914062e+01 4.772715568542480469e+00
4.781014633178710938e+01 5.260727882385253906e+00 2.482997512817382812e+01 1.153890419006347656e+01 4.781032562255859375e+01 2.614754438400268555e+00 8.588618278503417969e+00 2.997444343566894531e+01 2.997259712219238281e+01 4.781024169921875000e+01
3.030577850341796875e+01 1.011298418045043945e+00 2.167195320129394531e+01 1.172782802581787109e+01 3.259209096431732178e-01 5.550000000000000000e+01 3.602761077880859375e+01 1.958175277709960938e+01 8.079288482666015625e+00 3.740676116943359375e+01
3.887346649169921875e+01 1.802567672729492188e+01 3.887375259399414062e+01 3.137225866317749023e+00 1.242669391632080078e+01 2.763538932800292969e+01 8.171777725219726562e+00 3.887369155883789062e+01 1.062111377716064453e+01 3.223840332031250000e+01
5.451222610473632812e+01 2.980162811279296875e+01 2.984120750427246094e+01 2.983948326110839844e+01 1.971249580383300781e+01 1.268693923950195312e+01 2.986112976074218750e+01 5.305545806884765625e+01 4.081846618652343750e+01 5.549977874755859375e+01
3.488259887695312500e+01 2.988807487487792969e+01 3.768634414672851562e+01 2.278473091125488281e+01 2.501770782470703125e+01 5.864550590515136719e+00 4.768360519409179688e+01 4.768372726440429688e+01 4.768368530273437500e+01 4.768358230590820312e+01
2.715792083740234375e+01 2.821639060974121094e+01 4.559705352783203125e+01 2.583897590637207031e+01 1.712085962295532227e+00 3.602416992187500000e+01 8.727507591247558594e+00 2.583901214599609375e+01 7.060387134552001953e+00 2.821639251708984375e+01
3.302228164672851562e+01 3.302209854125976562e+01 2.341818428039550781e+01 1.685837388038635254e+00 4.803026199340820312e+01 6.862859249114990234e+00 3.744138717651367188e+01 2.341802024841308594e+01 2.341847610473632812e+01 4.185580730438232422e+00
4.789630889892578125e+01 7.313949584960937500e+00 4.789692687988281250e+01 4.789632797241210938e+01 1.098998188972473145e+00 1.919549942016601562e+01 4.789632034301757812e+01 1.990174770355224609e+00 2.684655761718750000e+01 1.451048088073730469e+01
1.384894084930419922e+01 3.737862396240234375e+01 3.737817764282226562e+01 4.243023300170898438e+01 5.254939651489257812e+01 2.902910995483398438e+01 5.254884719848632812e+01 2.456998586654663086e+00 2.593229675292968750e+01 2.687007713317871094e+01
2.725831222534179688e+01 6.824877858161926270e-01 2.800707817077636719e+01 1.695209121704101562e+01 7.055592536926269531e+00 2.726749801635742188e+01 2.726237678527832031e+01 3.098312568664550781e+01 2.726004409790039062e+01 5.621414184570312500e+01
4.834992599487304688e+01 2.893964004516601562e+01 2.893951416015625000e+01 2.893883132934570312e+01 2.893013000488281250e+01 2.893949699401855469e+01 1.047008991241455078e+01 2.893851280212402344e+01 2.893988609313964844e+01 8.138108253479003906e-01
6.920593380928039551e-01 2.916735839843750000e+01 3.930913543701171875e+01 3.192185592651367188e+01 1.245291519165039062e+01 3.930922698974609375e+01 3.930924606323242188e+01 4.967007064819335938e+01 3.099441289901733398e+00 5.086658477783203125e+00
4.123191070556640625e+01 1.036893963813781738e+00 4.265753173828125000e+01 2.761895370483398438e+01 2.761797904968261719e+01 4.265708160400390625e+01 2.761846733093261719e+01 1.354680442810058594e+01 5.457395935058593750e+01 5.742564392089843750e+01
2.928733634948730469e+01 5.568579864501953125e+01 3.183161735534667969e+00 2.612397384643554688e+01 2.792662620544433594e+01 2.541040802001953125e+01 1.249642658233642578e+01 1.410994768142700195e+00 5.940947532653808594e+00 2.928705978393554688e+01
1.714642333984375000e+01 4.812739789485931396e-01 4.299794387817382812e+01 1.874111175537109375e+01 1.874299621582031250e+01 3.545819473266601562e+01 1.874172019958496094e+01 1.714762878417968750e+01 4.299785995483398438e+01 5.540274429321289062e+01
5.576289749145507812e+01 4.574008178710937500e+01 4.574008560180664062e+01 3.860784530639648438e+01 1.955023574829101562e+01 2.710937118530273438e+01 1.468346357345581055e+00 2.094335556030273438e+01 2.381668984889984131e-02 4.574004364013671875e+01
2.616909265518188477e+00 2.386499404907226562e+00 4.130882263183593750e+01 4.736606121063232422e+00 1.119700241088867188e+01 7.199849605560302734e+00 1.539355635643005371e+00 2.776809501647949219e+01 2.916080665588378906e+01 2.478420257568359375e+01
2.736285781860351562e+01 2.415036678314208984e+00 3.931144332885742188e+01 3.243963623046875000e+01 1.665929222106933594e+01 5.206888961791992188e+01 5.207063674926757812e+01 2.736592102050781250e+01 3.838641738891601562e+01 1.665929985046386719e+01
2.552243232727050781e+01 1.697421669960021973e+00 4.059149169921875000e+01 3.357961273193359375e+01 9.469589233398437500e+00 2.900935173034667969e+01 2.729655027389526367e+00 1.744819641113281250e+01 5.848082542419433594e+00 1.209508323669433594e+01
