2.706137466430664062e+01 2.706137466430664062e+01 2.706137466430664062e+01 2.706137466430664062e+01
5.652699661254882812e+01 5.652699661254882812e+01 5.652699661254882812e+01 5.652699661254882812e+01
2.425262069702148438e+01 2.425262069702148438e+01 4.245878601074218750e+01 2.425262069702148438e+01
4.630565261840820312e+01 4.630565261840820312e+01 1.382343673706054688e+01 4.630565261840820312e+01
3.759786224365234375e+01 3.759786224365234375e+01 3.760208511352539062e+01 3.759786224365234375e+01
5.599971771240234375e+01 4.001772308349609375e+01 5.599971771240234375e+01 4.001772308349609375e+01
3.248702621459960938e+01 3.215578079223632812e+01 3.215578079223632812e+01 3.215578079223632812e+01
1.928841590881347656e+01 1.928841590881347656e+01 1.928841590881347656e+01 1.928841590881347656e+01
3.870006942749023438e+01 2.878306961059570312e+01 5.326390266418457031e+00 5.326390266418457031e+00
3.884535598754882812e+01 3.884535598754882812e+01 3.884535598754882812e+01 3.884535598754882812e+01
4.664271545410156250e+01 4.664502716064453125e+01 4.664502716064453125e+01 4.664271545410156250e+01
1.814223861694335938e+01 1.814223861694335938e+01 1.814223670959472656e+01 1.814223670959472656e+01
1.796465110778808594e+01 1.796498107910156250e+01 1.796498107910156250e+01 5.168603658676147461e-01
1.877026367187500000e+01 1.877026367187500000e+01 5.269388961791992188e+01 1.877026367187500000e+01
1.984922027587890625e+01 1.200891494750976562e+01 1.200891494750976562e+01 1.200891494750976562e+01
4.634005355834960938e+01 4.634005355834960938e+01 3.525022125244140625e+01 3.525022125244140625e+01
2.932450866699218750e+01 2.932450866699218750e+01 2.932450866699218750e+01 2.932450866699218750e+01
1.904544448852539062e+01 1.904544448852539062e+01 1.904544448852539062e+01 1.904544448852539062e+01
4.448939514160156250e+01 4.448939514160156250e+01 4.448939514160156250e+01 4.448939514160156250e+01
2.460509681701660156e+01 2.460509681701660156e+01 2.460509681701660156e+01 2.460509681701660156e+01
2.553619384765625000e+01 2.553619384765625000e+01 2.553619384765625000e+01 2.553619384765625000e+01
3.933356857299804688e+01 1.920687294006347656e+01 1.920687294006347656e+01 1.920687294006347656e+01
4.580086898803710938e+01 5.090698623657226562e+01 5.090698623657226562e+01 5.090698623657226562e+01
3.812313842773437500e+01 3.441807937622070312e+01 3.812517547607421875e+01 3.812517547607421875e+01
5.549920654296875000e+01 5.549920654296875000e+01 5.549920654296875000e+01 5.549920654296875000e+01
4.648474502563476562e+01 3.819308853149414062e+01 3.819308853149414062e+01 4.648474502563476562e+01
3.188162994384765625e+01 2.048261451721191406e+01 3.188162994384765625e+01 3.188162994384765625e+01
5.108504104614257812e+01 5.108504104614257812e+01 5.108504104614257812e+01 5.108504104614257812e+01
5.689830398559570312e+01 5.689830398559570312e+01 5.689830398559570312e+01 5.689830398559570312e+01
5.296735763549804688e+01 4.618948364257812500e+01 5.296735763549804688e+01 4.618948364257812500e+01
5.369945144653320312e+01 5.369945144653320312e+01 5.369945144653320312e+01 5.369945144653320312e+01
3.922264099121093750e+01 1.368484592437744141e+01 3.922264099121093750e+01 1.368484592437744141e+01
3.079146194458007812e+01 3.704801177978515625e+01 3.079146194458007812e+01 3.079146194458007812e+01
2.062209510803222656e+01 2.062209510803222656e+01 2.062209510803222656e+01 2.062209510803222656e+01
1.329710388183593750e+01 1.329710388183593750e+01 1.329710388183593750e+01 1.329710388183593750e+01
3.065747261047363281e+01 3.065747261047363281e+01 3.065747261047363281e+01 3.065747261047363281e+01
5.550001525878906250e+01 5.550001525878906250e+01 5.550001525878906250e+01 5.550001525878906250e+01
4.846503829956054688e+01 4.846503829956054688e+01 4.846503829956054688e+01 4.846503829956054688e+01
2.052697944641113281e+01 1.147861576080322266e+01 1.291020965576171875e+01 1.147861576080322266e+01
3.989981460571289062e+01 1.280113220214843750e+01 1.280113220214843750e+01 3.989981460571289062e+01
5.571059036254882812e+01 5.571059036254882812e+01 5.162074279785156250e+01 5.162074279785156250e+01
5.394874572753906250e+01 5.600000762939453125e+01 5.600000762939453125e+01 5.600000762939453125e+01
2.868071556091308594e+01 1.316746139526367188e+01 1.316746139526367188e+01 1.316746139526367188e+01
5.534046936035156250e+01 5.534046936035156250e+01 5.534046936035156250e+01 5.534046936035156250e+01
3.102818870544433594e+01 3.102818870544433594e+01 1.617421340942382812e+01 1.617421340942382812e+01
2.305738639831542969e+01 2.305738639831542969e+01 2.917204093933105469e+01 2.305738639831542969e+01
5.165959358215332031e+00 5.305718612670898438e+01 5.305718612670898438e+01 5.305718612670898438e+01
4.850881195068359375e+01 2.136472320556640625e+01 4.850881195068359375e+01 1.785334777832031250e+01
2.094948959350585938e+01 1.496827793121337891e+01 2.094948959350585938e+01 1.496827793121337891e+01
4.777355957031250000e+01 4.777350234985351562e+01 4.777350234985351562e+01 4.777355957031250000e+01
6.725654125213623047e+00 6.725654125213623047e+00 3.875138854980468750e+01 3.875138854980468750e+01
4.044957733154296875e+01 4.044957733154296875e+01 4.044957733154296875e+01 4.044957733154296875e+01
4.065842056274414062e+01 2.197386169433593750e+01 2.197386169433593750e+01 2.286392593383789062e+01
5.606106185913085938e+01 5.606106185913085938e+01 5.606106185913085938e+01 5.606106185913085938e+01
2.865133094787597656e+01 2.865133094787597656e+01 2.865133094787597656e+01 1.259011077880859375e+01
3.206869506835937500e+01 1.959216499328613281e+01 1.959216499328613281e+01 1.959216499328613281e+01
8.146663665771484375e+00 8.146663665771484375e+00 2.326026725769042969e+01 2.326026725769042969e+01
1.219853973388671875e+01 3.461763381958007812e+01 3.373697996139526367e+00 3.461763381958007812e+01
3.911708068847656250e+01 6.468950748443603516e+00 3.536328887939453125e+01 2.957559394836425781e+01
5.134794235229492188e+01 5.134794235229492188e+01 5.134794235229492188e+01 5.134794235229492188e+01
3.897618103027343750e+01 3.897618103027343750e+01 3.897659301757812500e+01 3.897618103027343750e+01
5.060016632080078125e+01 1.466933536529541016e+01 5.060016632080078125e+01 1.466468048095703125e+01
3.098898315429687500e+01 3.098898315429687500e+01 3.098898315429687500e+01 3.098898315429687500e+01
1.249209022521972656e+01 4.327030181884765625e+01 4.327030181884765625e+01 4.327030181884765625e+01
4.760104370117187500e+01 4.760104370117187500e+01 4.760104370117187500e+01 4.760104370117187500e+01
2.487052726745605469e+01 5.700676441192626953e+00 2.487052726745605469e+01 2.487052726745605469e+01
2.662437629699707031e+01 4.936119842529296875e+01 4.936119842529296875e+01 2.662437629699707031e+01
2.930488014221191406e+01 7.691040039062500000e+00 1.327779579162597656e+01 1.327779579162597656e+01
5.499776840209960938e+01 5.499776840209960938e+01 5.499776840209960938e+01 5.499776840209960938e+01
2.256059455871582031e+01 2.256059455871582031e+01 2.256059455871582031e+01 2.256059455871582031e+01
3.175731897354125977e+00 3.175731897354125977e+00 3.175731897354125977e+00 2.890301132202148438e+01
4.870441436767578125e+01 4.870441436767578125e+01 4.870441436767578125e+01 4.870441436767578125e+01
2.442109298706054688e+01 1.335724639892578125e+01 1.335724639892578125e+01 1.335724639892578125e+01
4.840667343139648438e+01 4.840667343139648438e+01 4.840667343139648438e+01 4.840667343139648438e+01
4.647897338867187500e+01 4.647897338867187500e+01 4.647897338867187500e+01 4.647897338867187500e+01
3.612961959838867188e+01 3.612961959838867188e+01 3.612961959838867188e+01 3.612961959838867188e+01
6.765235424041748047e+00 4.403904724121093750e+01 4.403904724121093750e+01 4.403904724121093750e+01
3.554883575439453125e+01 3.120521736145019531e+01 3.554883575439453125e+01 2.339356613159179688e+01
8.040867805480957031e+00 8.040867805480957031e+00 9.127687454223632812e+00 8.040867805480957031e+00
1.116078853607177734e+01 2.667410469055175781e+01 5.021138381958007812e+01 5.021138381958007812e+01
3.266276168823242188e+01 3.266276168823242188e+01 3.266276168823242188e+01 3.266276168823242188e+01
7.707967281341552734e+00 2.527704811096191406e+01 5.599998474121093750e+01 5.599998474121093750e+01
2.841782951354980469e+01 2.841782951354980469e+01 4.832650756835937500e+01 4.832650756835937500e+01
4.271573638916015625e+01 3.886645889282226562e+01 3.886645889282226562e+01 3.886645889282226562e+01
1.964545440673828125e+01 1.964545440673828125e+01 1.964545440673828125e+01 1.964545440673828125e+01
4.309340667724609375e+01 4.309340667724609375e+01 4.309340667724609375e+01 4.309340667724609375e+01
2.031508636474609375e+01 1.906332969665527344e+01 2.947144031524658203e+00 1.906332969665527344e+01
2.180362510681152344e+01 2.180362510681152344e+01 2.180362510681152344e+01 2.180362510681152344e+01
4.791875076293945312e+01 4.791875076293945312e+01 4.791875076293945312e+01 4.791875076293945312e+01
1.563541412353515625e+01 1.563541412353515625e+01 4.546784973144531250e+01 4.546784973144531250e+01
3.798109817504882812e+01 3.798109817504882812e+01 3.798109817504882812e+01 3.798109817504882812e+01
4.056372070312500000e+01 4.056362152099609375e+01 4.056362152099609375e+01 4.056372070312500000e+01
4.109601593017578125e+01 4.109601593017578125e+01 4.109601593017578125e+01 4.109601593017578125e+01
5.599996948242187500e+01 5.600001525878906250e+01 5.600001525878906250e+01 5.600001525878906250e+01
4.352721023559570312e+01 4.352721023559570312e+01 4.352721023559570312e+01 3.058297729492187500e+01
4.298597717285156250e+01 3.700329971313476562e+01 4.298597717285156250e+01 4.298597717285156250e+01
4.747831726074218750e+01 4.747831726074218750e+01 4.747831726074218750e+01 4.747831726074218750e+01
2.471923637390136719e+01 2.471923637390136719e+01 5.529939651489257812e+01 5.529939651489257812e+01
3.891407012939453125e+01 3.891407012939453125e+01 3.527896499633789062e+01 3.891657638549804688e+01
7.352025508880615234e+00 3.270336532592773438e+01 7.352025508880615234e+00 3.270336532592773438e+01
