2.503255653381347656e+01 3.204987335205078125e+01 2.767537117004394531e+01 2.503227233886718750e+01
4.408548831939697266e+00 1.412636375427246094e+01 5.110102462768554688e+01 3.340387725830078125e+01
1.370933532714843750e+01 1.019290637969970703e+01 1.127002954483032227e+00 5.553306198120117188e+01
7.616854459047317505e-02 4.272011947631835938e+01 2.852518272399902344e+01 4.272026062011718750e+01
2.221521949768066406e+01 4.888151931762695312e+01 4.701824951171875000e+01 4.701673507690429688e+01
2.411063575744628906e+01 4.661983489990234375e+01 2.411167335510253906e+01 4.661927413940429688e+01
4.737458419799804688e+01 4.664244079589843750e+01 4.735048294067382812e+01 4.480717468261718750e+01
4.061075592041015625e+01 4.061102676391601562e+01 5.279047775268554688e+01 2.343858718872070312e+00
4.711518287658691406e-01 3.371401214599609375e+01 4.601002502441406250e+01 4.601021194458007812e+01
2.619922637939453125e+01 4.436707687377929688e+01 1.375617980957031250e+00 3.611056566238403320e+00
3.392734050750732422e+00 5.014937210083007812e+01 5.200196075439453125e+01 3.281941986083984375e+01
1.424179458618164062e+01 4.020600891113281250e+01 4.924499511718750000e+01 1.424186897277832031e+01
3.911679840087890625e+01 8.167112350463867188e+00 3.746314942836761475e-01 2.918565177917480469e+01
9.339124679565429688e+00 6.207079887390136719e+00 3.110071659088134766e+00 1.669106864929199219e+01
5.273546218872070312e+01 5.273604583740234375e+01 5.273528289794921875e+01 5.273591995239257812e+01
7.265357494354248047e+00 1.619808959960937500e+01 4.592836380004882812e+01 4.591640090942382812e+01
3.130072593688964844e+01 3.130083656311035156e+01 4.358145141601562500e+01 4.358128356933593750e+01
4.192333698272705078e+00 2.837695884704589844e+01 3.291549682617187500e+01 4.915681838989257812e+01
1.189040660858154297e+00 4.353950881958007812e+01 4.353949737548828125e+01 5.631700515747070312e+01
1.965415763854980469e+01 5.020384216308593750e+01 2.887273025512695312e+01 1.389465141296386719e+01
4.054458999633789062e+01 3.064600944519042969e+01 1.250929260253906250e+01 4.054452514648437500e+01
3.205983352661132812e+01 3.205955505371093750e+01 2.937979459762573242e+00 1.987136459350585938e+01
2.016636085510253906e+01 2.016537666320800781e+01 2.016551017761230469e+01 5.101929855346679688e+01
1.627431869506835938e+01 4.317772674560546875e+01 3.292833709716796875e+01 4.317732620239257812e+01
3.884140777587890625e+01 1.179608821868896484e+00 2.011182785034179688e+01 2.011061096191406250e+01
4.570664596557617188e+01 3.088037252426147461e+00 1.478897953033447266e+01 4.570747756958007812e+01
5.550003814697265625e+01 7.428981304168701172e+00 5.550003051757812500e+01 1.503562331199645996e+00
2.153113603591918945e+00 2.606517219543457031e+01 5.049816894531250000e+01 2.736490440368652344e+01
5.918269157409667969e-01 3.544121932983398438e+01 3.544373703002929688e+01 3.544349670410156250e+01
4.920264434814453125e+01 2.171413803100585938e+01 7.755928993225097656e+00 2.172029685974121094e+01
1.802216053009033203e+00 3.155455017089843750e+01 3.369520187377929688e+01 5.511639785766601562e+01
4.179632186889648438e+00 4.568840026855468750e+01 5.774873256683349609e+00 1.218002033233642578e+01
1.972696876525878906e+01 2.431498336791992188e+01 1.536687314510345459e-01 6.284282356500625610e-02
1.239964580535888672e+01 5.599994659423828125e+01 1.723763275146484375e+01 2.528769302368164062e+01
1.543215990066528320e+00 3.750866699218750000e+01 1.964002990722656250e+01 1.827370834350585938e+01
3.074874114990234375e+01 3.075427055358886719e+01 1.885188557207584381e-02 7.171890735626220703e+00
3.990849304199218750e+01 4.533710479736328125e+00 5.613827514648437500e+01 5.613950347900390625e+01
5.012589263916015625e+01 5.159756469726562500e+01 2.960959815979003906e+01 3.981536483764648438e+01
3.842917633056640625e+01 1.255767154693603516e+01 1.497428131103515625e+01 1.497428798675537109e+01
5.600007247924804688e+01 4.971878051757812500e+01 1.213671779632568359e+01 3.337168502807617188e+01
4.008761978149414062e+01 1.359797734767198563e-02 4.008786392211914062e+01 4.008940505981445312e+01
2.648010492324829102e+00 3.599573135375976562e+01 3.372610092163085938e+01 3.741418838500976562e+01
1.959596443176269531e+01 4.098307800292968750e+01 1.953827095031738281e+01 4.098397445678710938e+01
6.408722877502441406e+00 4.378569412231445312e+01 4.278592681884765625e+01 6.622219085693359375e-01
1.792892217636108398e+00 4.338014221191406250e+01 1.259268093109130859e+01 2.602160835266113281e+01
2.316421890258789062e+01 4.521348190307617188e+01 4.372842788696289062e+01 4.372695159912109375e+01
3.279109954833984375e+00 4.123461914062500000e+01 4.123466110229492188e+01 4.123466873168945312e+01
4.444910812377929688e+01 3.572841262817382812e+01 4.444922256469726562e+01 1.771043777465820312e+01
3.129655456542968750e+01 1.150206184387207031e+01 1.879583716392517090e+00 4.390041351318359375e+01
4.570542526245117188e+01 4.920581817626953125e+00 4.570518875122070312e+01 1.228436374664306641e+01
3.747446823120117188e+01 1.696258354187011719e+01 5.549903869628906250e+01 3.747480010986328125e+01
3.592292022705078125e+01 1.201191806793212891e+01 2.751003742218017578e+00 3.592281723022460938e+01
5.525284409523010254e-01 3.535703277587890625e+01 1.233083820343017578e+01 3.004543876647949219e+01
1.010387039184570312e+01 2.333325576782226562e+01 1.242136582732200623e-02 5.536183929443359375e+01
3.688296318054199219e+00 3.796022796630859375e+01 1.087015151977539062e+01 1.918074798583984375e+01
3.868128585815429688e+01 4.562136840820312500e+01 1.961057472229003906e+01 3.882398605346679688e+01
1.910633444786071777e+00 1.737807655334472656e+01 4.020482254028320312e+01 4.080778121948242188e+01
1.383075523376464844e+01 1.673043251037597656e+00 2.602785110473632812e+01 3.686828231811523438e+01
2.166772603988647461e+00 3.428133392333984375e+01 5.475122451782226562e+01 1.566467571258544922e+01
8.451125144958496094e+00 3.211415863037109375e+01 3.211389541625976562e+01 3.230877685546875000e+01
4.635615825653076172e+00 4.634843349456787109e+00 3.059452247619628906e+01 4.635181903839111328e+00
4.782743835449218750e+01 4.143204498291015625e+01 1.508317112922668457e+00 4.783193206787109375e+01
3.132277488708496094e+01 4.327352142333984375e+01 1.380192279815673828e+01 4.350767517089843750e+01
2.412856864929199219e+01 2.043476295471191406e+01 2.603857803344726562e+01 5.767834663391113281e+00
4.287563323974609375e+01 2.712729263305664062e+01 4.958382034301757812e+01 1.915223956108093262e+00
4.884767532348632812e+01 3.551605606079101562e+01 4.004714965820312500e+01 2.395010232925415039e+00
1.954019546508789062e+01 5.596626281738281250e+00 1.874935722351074219e+01 3.358826065063476562e+01
4.224291229248046875e+01 4.314115047454833984e+00 8.332435607910156250e+00 1.962878417968750000e+01
2.808207511901855469e+00 2.550333023071289062e+00 2.369970130920410156e+01 1.095966529846191406e+01
3.630351257324218750e+01 4.268562698364257812e+01 4.709889984130859375e+01 2.460707855224609375e+01
4.042071151733398438e+01 4.302934646606445312e+01 5.172970294952392578e+00 1.768744087219238281e+01
1.149173498153686523e+00 3.034407806396484375e+01 2.401054382324218750e+01 2.400727081298828125e+01
4.468320846557617188e+00 1.305594539642333984e+01 5.611076354980468750e+01 1.107499480247497559e+00
5.110958099365234375e+01 5.110198974609375000e+01 5.111083602905273438e+01 1.621959686279296875e+00
3.453609466552734375e+01 3.832761764526367188e+01 8.477910995483398438e+00 3.832760238647460938e+01
1.748504877090454102e+00 5.139826202392578125e+01 4.890232086181640625e+00 5.139824676513671875e+01
2.143526077270507812e-01 4.798778533935546875e+00 3.983953094482421875e+01 4.811735916137695312e+01
1.195735263824462891e+01 1.494754195213317871e+00 3.587853622436523438e+01 3.374166870117187500e+01
4.890150070190429688e+01 1.130345726013183594e+01 4.890200805664062500e+01 2.349571418762207031e+01
6.460112571716308594e+00 3.553578948974609375e+01 2.330974102020263672e+00 2.109716033935546875e+01
2.656122016906738281e+01 2.656101608276367188e+01 4.006978225708007812e+01 4.006958389282226562e+01
1.942931747436523438e+01 7.175210118293762207e-01 3.336922073364257812e+01 4.564155578613281250e+01
3.998241424560546875e+01 2.965544939041137695e+00 3.078548622131347656e+01 8.490954399108886719e+00
3.497243165969848633e+00 3.533941268920898438e+01 4.310482406616210938e+01 8.454607009887695312e+00
5.251843643188476562e+01 4.217432403564453125e+01 1.853262710571289062e+01 5.550301361083984375e+01
2.829655838012695312e+01 2.194236946105957031e+01 5.665862560272216797e+00 1.901362800598144531e+01
7.979269504547119141e+00 7.881356716156005859e+00 3.368131637573242188e+00 4.260608291625976562e+01
9.957703948020935059e-01 2.280928421020507812e+01 4.249023818969726562e+01 4.063414001464843750e+01
4.187295150756835938e+01 4.187033462524414062e+01 1.489531040191650391e+01 2.647810363769531250e+01
2.890215110778808594e+01 2.890253448486328125e+01 2.890215873718261719e+01 5.362257957458496094e+00
1.786284208297729492e+00 6.007361888885498047e+00 3.462591934204101562e+01 1.185662937164306641e+01
1.867735147476196289e+00 4.717338180541992188e+01 3.351171493530273438e+01 4.717337417602539062e+01
5.087059974670410156e+00 4.821859741210937500e+01 2.927736282348632812e+01 2.927747344970703125e+01
8.568992614746093750e+00 2.768426895141601562e+01 3.519772529602050781e+00 1.029634475708007812e+01
1.655521202087402344e+01 4.893437194824218750e+01 1.744513320922851562e+01 4.216853141784667969e+00
4.960026931762695312e+01 2.123134231567382812e+01 4.960012435913085938e+01 1.369354367256164551e+00
3.345713806152343750e+01 2.771859931945800781e+01 1.780456662178039551e+00 5.125579452514648438e+01
3.960412597656250000e+01 1.484524250030517578e+01 5.273742675781250000e+01 5.578615570068359375e+01
2.218311500549316406e+01 2.218312263488769531e+01 3.720092010498046875e+01 7.858735561370849609e+00
1.985023307800292969e+01 1.259781122207641602e+00 4.382121658325195312e+01 5.631517791748046875e+01
