2.388302795588970184e-02 9.745158255100250244e-03 3.994827985763549805e+00 2.680015936493873596e-02
2.357309497892856598e-02 2.287769794464111328e+00 4.216519370675086975e-02 2.531493082642555237e-02
1.156200021505355835e-01 3.586482256650924683e-02 7.976833730936050415e-02 6.736009567975997925e-02
3.436416387557983398e-02 6.175361573696136475e-02 1.574418693780899048e-02 1.487129461020231247e-02
3.930004313588142395e-02 4.713428497314453125e+00 3.693810105323791504e-02 4.066376388072967529e-02
6.999893486499786377e-02 6.269749999046325684e-02 6.148730963468551636e-02 6.310869753360748291e-02
4.875570535659790039e-02 4.782228946685791016e+00 4.308416321873664856e-02 8.601946383714675903e-02
2.040199749171733856e-02 5.908799171447753906e+00 2.519228123128414154e-02 1.443857699632644653e-02
8.342740058898925781e+00 2.702395804226398468e-02 3.122590780258178711e-01 9.445133619010448456e-03
6.361625194549560547e+00 2.262159436941146851e-02 2.413198351860046387e-02 4.947219789028167725e-02
5.780660510063171387e-01 3.928215056657791138e-02 5.328693613409996033e-02 7.673962593078613281e+00
4.988789558410644531e-03 8.966547012329101562e+00 2.045221626758575439e-02 2.022441849112510681e-02
3.186480700969696045e-02 1.802989281713962555e-02 2.387426421046257019e-02 5.306895732879638672e+00
3.406568989157676697e-02 1.240159105509519577e-02 3.499274700880050659e-02 3.733904287219047546e-02
2.645919844508171082e-02 2.271206676959991455e-02 3.935560956597328186e-02 4.229964828491210938e+01
3.750845044851303101e-02 4.254159703850746155e-02 3.746210783720016479e-02 5.282368063926696777e-01
2.226143516600131989e-02 3.750603646039962769e-02 2.832608111202716827e-02 2.233433909714221954e-02
1.828015595674514771e-02 1.783153042197227478e-02 3.792287588119506836e+00 6.627043724060058594e+00
1.302613224834203720e-02 2.006876282393932343e-02 2.180001698434352875e-02 1.166826020926237106e-02
1.630738936364650726e-02 2.143607102334499359e-02 2.308069229125976562e+00 1.128504276275634766e+01
3.791388124227523804e-02 3.687082976102828979e-02 3.453636914491653442e-02 7.660258561372756958e-02
1.858494877815246582e+00 7.644971460103988647e-02 3.740814700722694397e-02 6.088816747069358826e-02
3.850843757390975952e-02 2.776420488953590393e-02 1.240939274430274963e-02 3.961928188800811768e-02
5.177617445588111877e-02 3.908531904220581055e+00 1.729519462585449219e+01 4.292827099561691284e-02
4.078691080212593079e-02 2.455552108585834503e-02 4.453503340482711792e-02 4.789112880825996399e-02
4.224822819232940674e-01 3.700950369238853455e-02 4.354354739189147949e-02 2.691531367599964142e-02
2.133947424590587616e-02 1.080604171752929688e+02 1.571711152791976929e-02 3.370049238204956055e+00
5.667744204401969910e-03 1.861569285392761230e+00 8.603701591491699219e+00 3.389267250895500183e-02
4.183327313512563705e-03 2.205457538366317749e-02 3.169372677803039551e-02 1.123742479830980301e-02
2.697417140007019043e-02 4.812894165515899658e-01 3.252792730927467346e-02 4.097701609134674072e-02
3.148448094725608826e-02 3.707591816782951355e-02 1.969229102134704590e+00 7.855036735534667969e+00
4.293497651815414429e-02 7.919356226921081543e-02 2.133488655090332031e-02 6.327066570520401001e-02
7.189241051673889160e-02 2.170617866516113281e+01 4.634051769971847534e-02 4.859485104680061340e-02
4.660996627807617188e+01 1.633895993232727051e+00 7.754997611045837402e-01 2.443455934524536133e+00
2.688748359680175781e+01 1.819197654724121094e+00 1.454543601721525192e-02 1.583522371947765350e-02
6.087357923388481140e-02 9.777411818504333496e-02 6.286897510290145874e-02 1.101229712367057800e-01
3.225027397274971008e-02 2.729801177978515625e+01 3.324550986289978027e-01 6.346267461776733398e-02
1.495262794196605682e-02 1.021850299835205078e+01 5.816529750823974609e+00 1.977276057004928589e-02
4.090320587158203125e+00 9.991142153739929199e-02 6.101606413722038269e-02 2.638544514775276184e-02
2.954020909965038300e-02 2.275875091552734375e+01 4.465636610984802246e-02 6.074281692504882812e+00
2.778842486441135406e-02 2.041302248835563660e-02 3.591560125350952148e+00 2.278328314423561096e-02
4.773378744721412659e-02 3.449143096804618835e-02 3.563603013753890991e-02 3.205791115760803223e-02
1.547817233949899673e-02 3.256491571664810181e-02 4.542470455169677734e+00 8.017774224281311035e-01
4.534207582473754883e-01 2.644320949912071228e-02 1.900779828429222107e-02 9.660993576049804688e+00
1.625336520373821259e-02 2.639230713248252869e-02 8.037588119506835938e+00 3.016092441976070404e-02
1.196450460702180862e-02 5.597041606903076172e+00 2.870390510559082031e+01 2.861770019531250000e+03
6.458640575408935547e+00 5.395227813720703125e+01 3.511723518371582031e+00 2.062182500958442688e-02
1.356664943695068359e+01 2.018309384584426880e-02 1.557299587875604630e-02 1.883292570710182190e-02
5.438034981489181519e-02 3.018586896359920502e-02 3.839465332031250000e+01 9.199891984462738037e-02
2.256857044994831085e-02 2.218585833907127380e-02 1.430845737457275391e+00 2.296228893101215363e-02
3.644123300909996033e-02 2.748351544141769409e-03 2.037162333726882935e-02 1.443650573492050171e-02
5.229139700531959534e-02 2.789230644702911377e-02 1.012244001030921936e-01 1.456976979970932007e-01
5.692142486572265625e+00 2.027353644371032715e-02 2.681837417185306549e-02 1.449416484683752060e-02
2.163869515061378479e-02 2.445768117904663086e+00 1.217416208237409592e-02 4.540092870593070984e-02
5.627861022949218750e+00 2.771350182592868805e-02 5.405422300100326538e-02 4.015122354030609131e-02
2.713637799024581909e-02 3.426703438162803650e-02 2.833545953035354614e-02 1.165120482444763184e+00
3.359800577163696289e-02 3.783709183335304260e-02 3.903657197952270508e-02 5.330772697925567627e-02
2.536831423640251160e-02 2.372558414936065674e-02 5.487779900431632996e-02 2.395836450159549713e-02
1.509942673146724701e-02 5.417670249938964844e+00 1.387046718597412109e+01 3.032647132873535156e+00
2.817325592041015625e-01 1.627420447766780853e-02 9.604638099670410156e+00 1.426936340332031250e+02
2.247577533125877380e-02 2.483299188315868378e-02 1.181465911865234375e+01 3.391657769680023193e-02
2.171740308403968811e-02 3.453845903277397156e-02 3.266593933105468750e+00 4.127881675958633423e-02
2.906162850558757782e-02 3.291113376617431641e+00 3.510480374097824097e-02 1.460862997919321060e-02
1.840474456548690796e-01 1.348806470632553101e-01 8.647609949111938477e-01 1.374949365854263306e-01
4.681804403662681580e-02 2.264553494751453400e-02 4.620071873068809509e-02 2.085209190845489502e-01
3.213780403137207031e+00 1.473730150610208511e-02 8.379276841878890991e-02 1.691444218158721924e-02
3.284230828285217285e-02 2.942450344562530518e-02 3.169545158743858337e-02 4.941520094871520996e-01
1.993705332279205322e-02 1.198504678905010223e-02 7.052622318267822266e+00 5.532572418451309204e-02
4.148407652974128723e-02 4.491289332509040833e-02 5.760655879974365234e+00 3.290781006217002869e-02
1.838351599872112274e-02 1.609603688120841980e-02 2.491956111043691635e-03 7.371615409851074219e+00
3.119197301566600800e-02 3.751316666603088379e-02 7.129841804504394531e+00 1.861163601279258728e-02
3.758486360311508179e-02 1.288662943989038467e-02 1.937114447355270386e-02 4.377285480499267578e+00
2.075903564691543579e-01 4.787430763244628906e+00 1.608025670051574707e+00 7.791497039794921875e+01
3.342555463314056396e-02 2.024685405194759369e-02 4.766378879547119141e+00 1.133584856986999512e+00
1.434583030641078949e-02 7.979435846209526062e-03 1.551661919802427292e-02 5.669795989990234375e+00
4.037491798400878906e+00 1.646073348820209503e-02 1.803313754498958588e-02 1.878843456506729126e-02
3.189047574996948242e+00 2.184920883178710938e+01 1.313335821032524109e-02 1.708041131496429443e-02
3.762122243642807007e-02 4.750065505504608154e-02 2.285032081604003906e+01 4.428145289421081543e-02
2.654829807579517365e-02 3.090190887451171875e-02 3.177247568964958191e-02 2.424755811691284180e+00
4.488014221191406250e+00 7.582876086235046387e-01 6.811758041381835938e+00 2.115772105753421783e-02
4.205169528722763062e-02 2.939599418640136719e+01 4.674277082085609436e-02 6.896908581256866455e-02
2.658043056726455688e-02 4.033460095524787903e-02 5.159709230065345764e-02 2.301657199859619141e-02
9.598573684692382812e+00 9.415479004383087158e-02 1.860309481620788574e+00 6.714927405118942261e-02
6.100863933563232422e+00 2.467083744704723358e-02 2.577694691717624664e-02 1.579420827329158783e-02
1.690479181706905365e-02 1.140408292412757874e-01 6.957038491964340210e-02 1.446973800659179688e+01
1.895010185241699219e+01 5.826607346534729004e-02 8.204894065856933594e+00 2.409074082970619202e-02
9.229253977537155151e-03 9.298191405832767487e-03 6.273698993027210236e-03 4.983007907867431641e+00
1.204689383506774902e+00 4.488664120435714722e-02 9.185454249382019043e-02 5.588300526142120361e-02
5.382714048027992249e-02 4.403131082653999329e-02 5.388573929667472839e-02 3.737716004252433777e-02
3.865858912467956543e-02 2.011685791015625000e+02 6.241205334663391113e-02 3.767713531851768494e-02
2.099562995135784149e-02 2.363876067101955414e-02 6.600203514099121094e+00 1.274392223358154297e+01
1.855615340173244476e-02 1.120813131332397461e+00 1.100192032754421234e-02 1.127969473600387573e-02
3.755761310458183289e-03 5.279714107513427734e+00 3.308161926269531250e+01 1.803557272069156170e-03
2.510817907750606537e-02 6.849392056465148926e-01 2.411473691463470459e-01 6.904286891222000122e-02
8.828510344028472900e-02 1.170390844345092773e-01 7.384246587753295898e-02 6.770689040422439575e-02
3.025560081005096436e-01 8.389369964599609375e+00 1.592688821256160736e-02 1.117678999900817871e+00
5.182994157075881958e-02 2.300742641091346741e-02 1.143896341323852539e+00 1.366139316558837891e+01
2.071183919906616211e-02 6.625595092773437500e+00 1.786558516323566437e-02 1.057219412177801132e-02
1.280026882886886597e-01 6.105139851570129395e-02 6.167590618133544922e+00 3.852436691522598267e-02
5.836076259613037109e+00 2.542783692479133606e-02 3.512766063213348389e-01 2.310311794281005859e+00
