4.158077936153858900e-04 1.463726628571748734e-02 7.933380454778671265e-02 3.384795272722840309e-04
1.452592405257746577e-04 1.071372106671333313e-01 1.030071944114752114e-04 2.762847543635871261e-05
3.064620832446962595e-04 2.517557586543262005e-04 2.619457955006510019e-04 2.517439716029912233e-04
1.009624218568205833e-03 1.436199294403195381e-03 1.748270937241613865e-03 9.221153333783149719e-03
5.476850201375782490e-04 2.032227069139480591e-01 1.997191866394132376e-04 9.254463657271116972e-05
9.253320167772471905e-04 4.602183180395513773e-04 3.778338723350316286e-04 5.463202833198010921e-04
1.243871869519352913e-03 3.597510803956538439e-04 1.701903674984350801e-04 3.482145257294178009e-04
7.137724896892905235e-04 2.231204956769943237e-01 5.506592802703380585e-03 6.160927936434745789e-03
7.417795062065124512e-02 3.967747034039348364e-04 1.256929012015461922e-03 1.212380826473236084e-02
4.627948701381683350e-01 3.209163842257112265e-04 1.427243987563997507e-04 5.427867174148559570e-03
4.264184832572937012e-01 3.186083631590008736e-03 2.789645688608288765e-03 1.005096077919006348e+00
3.414100036025047302e-02 2.189980819821357727e-02 5.674801650457084179e-04 4.479968920350074768e-04
1.164993445854634047e-04 6.343310815282166004e-05 7.931615982670336962e-05 1.263376176357269287e-01
1.250477973371744156e-03 1.706897839903831482e-02 2.953670918941497803e-04 1.159316394478082657e-03
1.004861314868321642e-05 1.487384088250109926e-05 1.802375481929630041e-05 8.471778128296136856e-04
3.821716527454555035e-04 1.612834603292867541e-04 1.968762371689081192e-04 2.315339259803295135e-02
3.320834366604685783e-04 6.041632514097727835e-05 3.910836312570609152e-05 2.118609118042513728e-04
3.734844503924250603e-04 6.879094871692359447e-04 1.282378435134887695e-01 1.259942445904016495e-02
6.402721737686078995e-06 4.553096459858352318e-06 3.492417135930736549e-06 6.941966148588107899e-06
7.621402037329971790e-04 8.320985361933708191e-04 2.037818878889083862e-01 1.515553332865238190e-02
8.408949361182749271e-05 7.159347296692430973e-05 5.185575355426408350e-05 1.011309068417176604e-04
9.772916091606020927e-04 7.270415080711245537e-04 2.771557774394750595e-03 9.919443400576710701e-04
6.274130282690748572e-05 4.214428554405458272e-05 3.659815993160009384e-03 7.598484808113425970e-05
9.844491723924875259e-04 4.285842587705701590e-04 2.595407068729400635e-01 1.059105503372848034e-03
1.323275209870189428e-04 8.066693553701043129e-04 5.391922313719987869e-04 1.920340000651776791e-04
6.612154841423034668e-02 9.507422510068863630e-05 1.069296704372391105e-04 1.507591456174850464e-03
2.571826335042715073e-04 1.163776381872594357e-03 7.959157810546457767e-04 1.483407616615295410e-01
9.817834198474884033e-02 2.781179547309875488e-01 5.498003959655761719e-02 7.356373243965208530e-04
6.617613136768341064e-02 2.728092949837446213e-04 1.503437379142269492e-04 4.399944096803665161e-03
5.941465860814787447e-05 1.643155962228775024e-01 1.172459669760428369e-04 1.763479376677423716e-04
2.077009994536638260e-04 1.046855250024236739e-04 2.295248061418533325e-01 1.572855375707149506e-02
2.133638481609523296e-04 5.079937982372939587e-04 7.183497771620750427e-03 2.835170598700642586e-04
7.006420637480914593e-04 1.107068965211510658e-03 3.394061350263655186e-04 4.026727983728051186e-04
6.324877031147480011e-03 5.280505120754241943e-02 4.215294867753982544e-02 3.219209015369415283e-01
1.283325836993753910e-03 1.494250297546386719e-01 3.874533576890826225e-03 4.258598666638135910e-03
2.415482653304934502e-03 9.398015681654214859e-04 6.958018057048320770e-04 1.085168682038784027e-03
1.724571484373882413e-04 6.660192157141864300e-04 4.100677743554115295e-02 5.214476259425282478e-04
3.973535785917192698e-04 4.813883453607559204e-03 5.846580117940902710e-02 2.079873811453580856e-04
1.044009700417518616e-01 1.037531765177845955e-03 5.023985286243259907e-04 6.006926996633410454e-04
9.426902397535741329e-04 6.839741487056016922e-03 2.116821939125657082e-03 2.677207887172698975e-01
6.810554168623639271e-06 8.390023140236735344e-06 8.150966095854528248e-06 6.375498287525260821e-06
1.070790603989735246e-04 1.867385930381715298e-03 3.251482266932725906e-04 2.054539945675060153e-04
7.031676941551268101e-04 2.567651099525392056e-04 1.118518970906734467e-02 1.539705097675323486e-01
4.774470031261444092e-01 7.728235214017331600e-04 6.301263929344713688e-04 3.841264173388481140e-02
1.622476265765726566e-03 4.189047322142869234e-04 1.101562380790710449e-01 3.017044859007000923e-03
1.791937938833143562e-05 7.607662584632635117e-03 1.790504757082089782e-05 2.294478690600953996e-05
1.003549620509147644e-02 3.049146849662065506e-03 1.092925891280174255e-01 4.788895312231034040e-04
1.414297148585319519e-02 1.495100586907938123e-04 5.726754170609638095e-05 1.527220447314903140e-04
6.878940039314329624e-04 6.419057026505470276e-04 3.334875404834747314e-02 4.954319447278976440e-04
4.064468666911125183e-04 1.004421152174472809e-03 5.214025974273681641e-01 4.121682432014495134e-04
2.664397179614752531e-04 6.627008318901062012e-02 7.200928521342575550e-04 2.210357487201690674e-01
1.052241932484321296e-04 4.174810965196229517e-05 3.281828016042709351e-03 5.503927823156118393e-03
4.340556636452674866e-02 5.080224582343362272e-05 1.176074365503154695e-04 4.850415571127086878e-04
4.217363311909139156e-05 2.012159302830696106e-02 8.779885247349739075e-03 8.244338823715224862e-05
1.553392559289932251e-01 2.200289629399776459e-03 3.333721251692622900e-04 4.127676074858754873e-04
7.040458149276673794e-04 1.424951333319768310e-04 2.631505019962787628e-03 7.320331335067749023e-01
1.654879160923883319e-04 6.343290442600846291e-04 1.120830565923824906e-04 7.101565715856850147e-04
8.363758097402751446e-04 5.500013357959687710e-04 1.860887855291366577e-01 2.383465413004159927e-03
1.295132911764085293e-03 8.850639313459396362e-02 2.164182718843221664e-03 1.043664291501045227e-02
3.308542370796203613e-01 9.188851690851151943e-04 1.124602369964122772e-02 8.725952357053756714e-04
2.041784136963542551e-05 2.371139817114453763e-05 3.417387977242469788e-02 4.112589158467017114e-05
1.701794826658442616e-04 3.030389489140361547e-04 8.605234324932098389e-02 3.119863104075193405e-04
1.736210542730987072e-03 5.167442560195922852e-01 4.574316553771495819e-04 8.421470411121845245e-03
1.445887843146920204e-03 1.289782114326953888e-03 1.078406814485788345e-03 1.307606929913163185e-03
2.159797295462340117e-04 8.492120541632175446e-03 2.218600129708647728e-04 4.863557987846434116e-04
3.995977342128753662e-01 3.999531327281147242e-04 7.193279452621936798e-04 2.685147919692099094e-04
9.794103680178523064e-04 5.278611206449568272e-04 1.291169755859300494e-04 1.195864304900169373e-01
9.440971189178526402e-04 1.037259474396705627e-01 3.445254638791084290e-02 9.682753589004278183e-04
4.808348894584923983e-04 5.133397062309086323e-04 2.941668629646301270e-01 9.379875700687989593e-05
1.700511347735300660e-05 4.681166683440096676e-05 5.913851317018270493e-03 2.160547766834497452e-03
3.066248900722712278e-04 5.110023776069283485e-04 3.307084143161773682e-01 1.907054975163191557e-04
2.978332631755620241e-04 6.459747673943638802e-04 2.742142532952129841e-04 1.264032572507858276e-01
7.440022658556699753e-03 1.051070988178253174e-01 4.860851168632507324e-01 1.579450629651546478e-02
4.846241499762982130e-04 1.676475047133862972e-03 4.776997491717338562e-02 2.568214833736419678e-01
2.393506520093069412e-06 1.539445511298254132e-04 2.018679879256524146e-06 9.662663564085960388e-03
9.801100194454193115e-02 2.020278407144360244e-05 2.177138230763375759e-05 7.898028707131743431e-05
5.386142060160636902e-02 3.631129395216703415e-03 6.819078116677701473e-04 5.526692839339375496e-04
1.321252784691751003e-04 2.612114767543971539e-04 3.311929467599838972e-04 2.744232479017227888e-04
7.527585839852690697e-04 1.003374345600605011e-03 3.726971626747399569e-04 2.593184411525726318e-01
3.254844993352890015e-02 3.158702552318572998e-01 5.786200053989887238e-03 1.055292785167694092e-03
2.431358152534812689e-04 9.537002770230174065e-04 5.830010632053017616e-04 4.397767479531466961e-04
6.594493606826290488e-05 1.019498085952363908e-04 1.579042436787858605e-04 2.063536550849676132e-03
2.426943508908152580e-03 1.114588929340243340e-03 2.046735957264900208e-03 9.166643139906227589e-04
3.006629943847656250e-01 2.733424298639874905e-05 2.843055517587345093e-05 1.677795080468058586e-03
8.155158720910549164e-03 6.514111300930380821e-04 2.039795508608222008e-04 1.796992421150207520e-01
1.886392361484467983e-03 5.273342248983681202e-04 4.221156239509582520e-01 1.712324656546115875e-02
2.876877551898360252e-04 2.793362073134630919e-04 4.508026177063584328e-04 5.020349845290184021e-02
1.320581766776740551e-03 4.294920072425156832e-04 1.004598801955580711e-03 7.420592592097818851e-04
1.413939753547310829e-04 3.369523910805583000e-04 1.361579925287514925e-04 4.340978921391069889e-04
1.443605578970164061e-04 2.147943340241909027e-02 3.235939948353916407e-04 1.924442476592957973e-04
2.700227778404951096e-04 2.990475331898778677e-04 7.309532910585403442e-02 3.422474721446633339e-03
2.148393105017021298e-04 6.070763804018497467e-03 2.268065827593090944e-06 2.815573907355428673e-06
9.271195158362388611e-03 4.948515444993972778e-03 1.577244111103937030e-04 2.147074975073337555e-02
4.093950614333152771e-03 3.136345476377755404e-04 2.703558711800724268e-04 1.716122787911444902e-04
9.097178117372095585e-04 1.086492440663278103e-03 7.723510498180985451e-04 7.994452607817947865e-04
8.785880804061889648e-01 3.432752490043640137e-01 5.527730099856853485e-03 1.059458870440721512e-02
5.821054219268262386e-04 6.492015090771019459e-04 1.803847849369049072e-01 2.076251403195783496e-04
3.659769147634506226e-02 6.998114753514528275e-03 4.659174373955465853e-05 1.994609046960249543e-04
5.063161370344460011e-04 8.474491769447922707e-04 4.822869377676397562e-04 1.948640710907056928e-04
8.179137855768203735e-02 2.092564944177865982e-03 5.840576291084289551e-01 4.504600074142217636e-03
