7.204448775155469775e-05 1.117375418543815613e-01 2.663700608536601067e-03 5.723650101572275162e-04
1.633573025465011597e-01 2.765847835689783096e-03 5.191551521420478821e-03 1.403849339112639427e-03
2.408800879493355751e-03 5.362639785744249821e-04 7.406881777569651604e-04 8.950915653258562088e-04
8.694752468727529049e-04 1.189449685625731945e-03 1.292819390073418617e-03 4.993998259305953979e-02
1.379157329211011529e-04 2.359712379984557629e-04 1.788344525266438723e-04 2.301449421793222427e-03
2.684650011360645294e-02 1.377193373627960682e-03 2.648091316223144531e-01 4.119465127587318420e-02
8.979566628113389015e-04 5.990708814351819456e-05 3.032122040167450905e-03 1.609792379895225167e-04
6.676929071545600891e-03 4.791427345480769873e-04 2.430092990398406982e-01 2.757497597485780716e-03
1.451094576623290777e-04 8.738983888179063797e-04 2.294133591931313276e-04 2.185103446245193481e-01
3.701957175508141518e-03 1.469417214393615723e-01 8.416036143898963928e-04 5.015133647248148918e-04
1.501406636089086533e-02 2.516794716939330101e-03 2.261155983433127403e-03 3.635087907314300537e-01
4.086511034984141588e-04 9.760382026433944702e-02 2.831176109611988068e-02 2.010665484704077244e-04
2.230153768323361874e-04 7.155571598559617996e-03 2.318518381798639894e-04 1.232547074323520064e-04
1.376150175929069519e-04 1.084298710338771343e-03 9.064420737558975816e-05 3.144283255096524954e-04
1.008564322546590120e-05 1.254671951755881310e-05 1.881764910649508238e-05 1.454974426451371983e-05
1.562020188430324197e-04 4.161840188317000866e-04 4.384030401706695557e-02 1.250200730282813311e-04
2.243284507130738348e-05 8.093211799860000610e-03 1.992836223507765681e-05 5.209912778809666634e-04
1.820270554162561893e-04 3.050388659175951034e-05 7.347066700458526611e-02 8.557856781408190727e-04
1.150488424173090607e-05 3.093138802796602249e-04 2.811796148307621479e-04 6.773148015781771392e-06
9.984000353142619133e-04 9.659644216299057007e-02 4.163068160414695740e-02 1.066185301169753075e-03
2.382857201155275106e-05 3.496156423352658749e-04 1.227375014423159882e-05 1.359587713523069397e-05
2.832441532518714666e-04 3.084258409217000008e-03 3.266726434230804443e-01 1.535990973934531212e-03
2.363558625802397728e-03 1.396558014675974846e-03 7.330049574375152588e-02 1.181046711280941963e-03
2.737066824920475483e-04 6.098702433519065380e-04 1.579987467266619205e-03 2.892785123549401760e-04
5.942024872638285160e-04 2.115845829248428345e-01 8.363842789549380541e-05 1.384833449264988303e-04
5.408250144682824612e-04 4.900138010270893574e-04 3.035809099674224854e-02 3.720232099294662476e-02
1.284656900679692626e-05 1.188736176118254662e-03 2.989826862176414579e-05 2.065895023406483233e-05
9.514642442809417844e-05 4.544924013316631317e-04 1.955384650500491261e-04 5.301550496369600296e-03
7.032113499008119106e-04 8.584718671045266092e-06 5.702972885046619922e-06 2.115134748237323947e-06
2.684231440071016550e-04 1.897258334793150425e-04 3.760252520442008972e-02 5.514500662684440613e-04
1.871264167129993439e-02 8.156238618539646268e-05 2.507085628167260438e-05 4.578642838168889284e-04
6.426600157283246517e-05 1.318424195051193237e-02 3.176834285259246826e-01 9.868853958323597908e-04
5.457618972286581993e-04 5.063524004071950912e-03 3.934043049812316895e-01 8.775865426287055016e-04
4.151886096224188805e-04 9.440067224204540253e-04 2.469354367349296808e-04 1.342573389410972595e-02
5.032898113131523132e-02 5.877747898921370506e-04 8.164588507497683167e-05 7.250026101246476173e-05
3.216963261365890503e-03 1.739369938150048256e-03 6.642111111432313919e-03 4.835145473480224609e-01
6.762194633483886719e-02 1.992012932896614075e-02 1.165859212051145732e-04 5.346761463442817330e-05
2.169645740650594234e-04 5.166364280739799142e-05 6.882856041193008423e-02 1.096081905416212976e-04
7.056134636513888836e-04 4.954340984113514423e-04 4.314874604460783303e-05 8.026877790689468384e-02
3.779303049668669701e-03 4.667660978157073259e-04 3.438194096088409424e-01 1.008621533401310444e-03
2.704616463233833201e-06 5.938313279330031946e-06 4.520771199167938903e-06 2.316443669769796543e-06
5.328668521542567760e-06 4.652165898733073846e-06 2.622910324134863913e-05 3.376258246134966612e-04
7.088280108291655779e-05 8.650478412164375186e-05 9.807540482142940164e-05 6.528759695356711745e-05
7.744627073407173157e-04 1.063472940586507320e-03 2.735852301120758057e-01 1.819810131564736366e-03
1.402230001986026764e-03 2.866261638700962067e-04 3.003519261255860329e-03 2.213281550211831927e-04
1.194570722873322666e-05 1.284761037823045626e-05 9.186494025925640017e-06 1.578872434038203210e-05
2.010622620582580566e-01 1.855223090387880802e-03 8.313554280903190374e-05 2.784498035907745361e-03
4.389896639622747898e-05 5.892175249755382538e-04 6.384895095834508538e-05 3.498887963360175490e-05
2.343269588891416788e-04 3.156807797495275736e-04 3.161660861223936081e-04 2.072708739433437586e-04
5.823988467454910278e-04 1.022741547785699368e-03 1.176520017907023430e-03 7.287307828664779663e-02
8.963820524513721466e-03 8.936413214541971684e-04 3.137746751308441162e-01 2.365712076425552368e-03
6.795594817958772182e-04 2.845439848897513002e-05 2.016263351833913475e-05 3.304845813545398414e-05
1.824888982810080051e-03 3.620633651735261083e-05 6.889185169711709023e-05 3.690180892590433359e-05
2.264866452605929226e-05 1.271117616852279752e-05 3.279474549344740808e-05 1.434292698831995949e-05
2.385030686855316162e-02 6.408213521353900433e-04 7.045907527208328247e-02 7.107897661626338959e-03
3.422981128096580505e-02 4.833594560623168945e-01 2.184707438573241234e-03 6.733465008437633514e-03
4.227141907904297113e-04 8.624448440968990326e-03 1.154906768351793289e-02 1.851133257150650024e-01
2.464487333782017231e-04 1.573398330947384238e-04 3.488296351861208677e-04 4.882044158875942230e-04
1.310866791754961014e-03 3.226600587368011475e-02 1.707219183444976807e-01 1.221675425767898560e-03
2.073794789612293243e-02 3.777379606617614627e-05 3.842106889351271093e-05 2.203083597123622894e-03
7.718972628936171532e-04 3.026606573257595301e-04 2.978616685140877962e-04 5.212826072238385677e-04
4.291958248359151185e-05 1.673504011705517769e-03 2.912885793193709105e-05 2.616866549942642450e-05
4.701501748058944941e-04 2.771029830910265446e-04 3.616326721385121346e-04 4.374751297291368246e-04
5.302108475007116795e-04 8.360546198673546314e-04 8.663239423185586929e-04 4.986958811059594154e-04
9.073542058467864990e-02 2.385510451858863235e-04 4.250472557032480836e-05 4.876752209383994341e-04
1.086834296584129333e-01 8.633662946522235870e-03 2.337184036150574684e-03 1.212729956023395061e-03
2.346038119867444038e-03 5.441140383481979370e-03 4.306002985686063766e-03 2.279838770627975464e-01
5.129027995280921459e-04 8.840775990393012762e-05 7.841538899810984731e-05 3.474804759025573730e-02
1.399065088480710983e-02 4.257148248143494129e-04 1.270926732104271650e-04 2.879624662455171347e-04
1.323984283953905106e-02 3.125487710349261761e-04 2.621452404127921909e-05 2.747031430772040039e-05
1.638655434362590313e-03 6.073858588933944702e-03 1.755614727735519409e-01 2.728776307776570320e-03
2.776962646748870611e-04 1.054764579748734832e-04 2.769120037555694580e-04 2.434759885072708130e-01
9.094928391277790070e-04 9.059944422915577888e-04 1.274382113479077816e-03 1.513082301244139671e-03
4.393196478486061096e-02 4.839154426008462906e-03 1.453799903392791748e-01 3.523840336129069328e-03
1.315773115493357182e-04 2.471203624736517668e-04 3.006291517522186041e-04 3.156286838930100203e-04
3.544526407495141029e-05 1.625429722480475903e-03 1.078306436538696289e-01 6.394657248165458441e-05
2.801129128783941269e-03 6.566587835550308228e-04 1.108083650469779968e-01 1.418507308699190617e-03
2.486840276105795056e-05 7.921164482831954956e-02 3.809481568168848753e-04 2.955206437036395073e-04
1.196065277326852083e-04 5.159867578186094761e-04 5.399316432885825634e-04 3.053558468818664551e-01
1.343415933661162853e-03 2.269175369292497635e-03 1.109323464334011078e-03 5.728582618758082390e-04
2.887940034270286560e-03 6.785414880141615868e-04 4.574610292911529541e-02 5.802429746836423874e-03
2.442888944642618299e-05 3.615496461861766875e-05 7.565080159110948443e-05 4.267673648428171873e-05
2.958567580208182335e-03 3.032110631465911865e-02 1.743167191743850708e-01 7.106205075979232788e-02
1.193756354041397572e-03 1.488149515353143215e-03 1.318684546276926994e-03 9.653822332620620728e-02
9.138504415750503540e-02 6.465142359957098961e-05 7.763826579321175814e-05 8.824301039567217231e-05
8.045080117881298065e-03 7.244470063596963882e-03 3.489307463169097900e-01 6.882410030812025070e-03
5.534096635528840125e-05 4.060550418216735125e-05 3.325423676869831979e-05 4.061561412527225912e-05
6.079532904550433159e-04 7.248518522828817368e-03 4.216657280921936035e-01 1.863299310207366943e-02
6.180874333949759603e-05 6.189905252540484071e-05 9.855956886895000935e-05 5.623698598355986178e-05
5.016539362259209156e-04 5.910649895668029785e-02 5.938173853792250156e-04 9.684535325504839420e-04
1.169368345290422440e-02 1.440025866031646729e-03 6.784750521183013916e-02 1.359192421659827232e-03
5.129422061145305634e-04 1.251737400889396667e-02 5.043999408371746540e-05 4.936530331178801134e-06
2.286204107804223895e-04 2.041459229076281190e-04 1.862517371773719788e-02 2.750082057900726795e-04
1.018032548017799854e-03 5.121995136141777039e-02 4.311119318008422852e-01 1.132161356508731842e-03
1.441874890588223934e-03 1.685355231165885925e-02 2.909736037254333496e-01 1.087172058760188520e-04
8.390928618609905243e-03 9.922843426465988159e-03 4.382539093494415283e-01 2.093253657221794128e-02
3.242882303311489522e-05 1.304361671209335327e-01 2.519665751606225967e-03 1.282069570152089000e-04
1.563108071422902867e-06 1.113861912926950026e-06 1.252187189493270125e-06 1.329995257037808187e-06
3.130675031570717692e-05 3.977673186454921961e-04 1.072149425745010376e-01 4.562080721370875835e-05
4.150578379631042480e-02 1.728330622427165508e-03 1.933634513989090919e-03 8.478606492280960083e-02
