1.550830993801355362e-02 1.448156070709228516e+01 7.088301849365234375e+01 1.459262240678071976e-02 6.959802508354187012e-01 5.788005828857421875e+00 2.729115104675292969e+01 1.108096726238727570e-02 1.145613193511962891e-02 1.373605616390705109e-02
1.353254076093435287e-02 1.974475570023059845e-02 2.692274190485477448e-02 1.680482923984527588e-02 1.519145816564559937e-02 1.765312767028808594e+01 1.053933639526367188e+02 1.381454057991504669e-02 8.795956969261169434e-01 2.891972847282886505e-02
3.112903237342834473e-02 3.567488864064216614e-02 2.628796920180320740e-02 5.682894494384527206e-03 3.168855607509613037e-02 8.983904719352722168e-01 9.523082733154296875e+00 1.788109913468360901e-02 2.086411975324153900e-02 3.619513288140296936e-02
4.738355055451393127e-02 4.086375609040260315e-02 4.080101490020751953e+00 6.270819157361984253e-02 3.619328141212463379e-02 2.225974559783935547e+00 8.829002082347869873e-02 4.814979806542396545e-02 1.528492164611816406e+01 5.706002935767173767e-02
3.657996654510498047e+00 7.066380698233842850e-03 3.780854797363281250e+01 1.193263435363769531e+01 6.368332542479038239e-03 3.953915555030107498e-03 1.348872375488281250e+01 2.118629589676856995e-02 1.202970817685127258e-01 3.815160274505615234e+00
2.957709312438964844e+00 8.347502708435058594e+00 2.153405427932739258e+00 5.406568527221679688e+00 1.916686631739139557e-02 1.357367448508739471e-02 2.808895148336887360e-02 2.260632626712322235e-02 2.110952138900756836e-02 2.228524349629878998e-02
1.373532135039567947e-02 3.912286832928657532e-02 2.366669289767742157e-02 3.810576722025871277e-02 1.454189568758010864e-01 5.535727024078369141e+00 1.029789447784423828e-01 2.134764939546585083e-02 2.047305926680564880e-02 2.178570270538330078e+00
2.511252276599407196e-02 9.227577447891235352e-01 2.207227051258087158e-02 4.661706924438476562e+00 4.744893550872802734e+00 2.129461243748664856e-02 2.820383384823799133e-02 1.514367479830980301e-02 4.727197170257568359e+00 1.442906539887189865e-02
1.098128780722618103e-02 4.541133403778076172e+00 3.588587951660156250e+01 1.018361933529376984e-02 1.346931327134370804e-02 1.275896932929754257e-02 1.997389830648899078e-02 2.015095762908458710e-02 2.605648994445800781e+00 9.776310920715332031e+00
5.304282188415527344e+00 1.320487447082996368e-02 1.102882158011198044e-02 9.033467769622802734e-01 2.429725788533687592e-02 1.131837535649538040e-02 6.148052401840686798e-03 1.079789161682128906e+00 4.182558506727218628e-02 1.877984590828418732e-02
1.846375875174999237e-02 2.009018696844577789e-02 2.070171386003494263e-02 1.308478321880102158e-02 5.978603363037109375e+00 2.183240093290805817e-02 6.530352830886840820e-01 6.890148520469665527e-01 2.698048591613769531e+00 1.349937558174133301e+00
2.902879379689693451e-02 9.149187088012695312e+00 7.545072119683027267e-03 2.381034381687641144e-02 1.966380141675472260e-02 1.387169770896434784e-02 3.031711280345916748e-02 9.160657882690429688e+00 2.460091374814510345e-02 1.130006369203329086e-02
1.196697616577148438e+01 3.089637041091918945e+00 2.212022972106933594e+01 1.610149070620536804e-02 2.044565230607986450e-02 1.280942000448703766e-02 3.338708728551864624e-02 1.181612908840179443e-02 2.843122929334640503e-02 3.938043862581253052e-02
3.124284790828824043e-03 2.125716209411621094e-02 2.912402339279651642e-02 3.043540380895137787e-02 1.990304142236709595e-02 5.473832607269287109e+00 5.785347428172826767e-03 3.560285642743110657e-02 1.739985868334770203e-02 2.630451507866382599e-02
6.559183821082115173e-03 1.967884041368961334e-02 1.737237930297851562e+01 2.161693014204502106e-02 1.556566543877124786e-02 1.726549305021762848e-02 1.337668020278215408e-02 4.961855411529541016e-01 8.836519904434680939e-03 6.839113775640726089e-03
2.356736734509468079e-02 6.626461744308471680e-01 5.806844830513000488e-01 2.077527344226837158e-02 9.816044941544532776e-03 1.380441710352897644e-02 1.359061431884765625e+01 1.757590770721435547e-01 1.697290875017642975e-02 1.223171409219503403e-02
2.228674665093421936e-02 1.241884566843509674e-02 9.064341735839843750e+01 7.591976784169673920e-03 1.583420485258102417e-02 1.713814027607440948e-02 2.811883354187011719e+01 6.466332077980041504e-01 9.956644058227539062e+00 1.637921482324600220e-02
8.670716285705566406e+00 3.099831566214561462e-02 1.202127058058977127e-02 7.572988420724868774e-02 3.932610702514648438e+01 1.207939069718122482e-02 1.009294033050537109e+00 1.489975024014711380e-02 1.432398557662963867e-01 2.124469727277755737e-02
1.951910614967346191e+00 5.725541591644287109e+00 2.669568173587322235e-02 5.576023101806640625e+01 1.273656636476516724e-02 7.948914542794227600e-03 1.210380458831787109e+01 1.117230392992496490e-02 1.179019082337617874e-02 8.578320965170860291e-03
4.012396812438964844e+00 1.155976176261901855e+00 1.079286728054285049e-02 1.425316184759140015e-01 2.533499337732791901e-02 1.199605036526918411e-02 2.104840055108070374e-02 1.608068868517875671e-02 3.517721891403198242e+00 9.523623585700988770e-01
2.660876139998435974e-02 1.554118394851684570e+00 7.221537642180919647e-03 5.914990901947021484e+00 3.655521571636199951e-02 1.094004631042480469e+00 9.859192967414855957e-01 3.206924349069595337e-02 1.494884863495826721e-02 1.585736274719238281e+00
2.405143342912197113e-02 2.685248292982578278e-02 1.656310796737670898e+00 1.153971999883651733e-02 8.949032984673976898e-03 6.715709686279296875e+00 1.224312067031860352e+00 7.501828670501708984e-01 8.376717567443847656e+00 2.080300822854042053e-02
2.004183642566204071e-02 1.063164882361888885e-02 3.783303126692771912e-02 1.240844558924436569e-02 5.053605139255523682e-02 1.244112491607666016e+00 1.963654719293117523e-02 4.909894943237304688e+00 1.740536279976367950e-02 1.722255535423755646e-02
6.608504801988601685e-02 2.168977260589599609e+00 1.221386051177978516e+01 3.845965117216110229e-02 1.850169181823730469e+01 2.103669755160808563e-02 3.116580200195312500e+02 3.815520182251930237e-02 5.259286612272262573e-03 4.559291154146194458e-02
7.426413893699645996e-02 1.548388898372650146e-01 1.132281348109245300e-01 9.974891692399978638e-02 7.485373318195343018e-02 9.104179590940475464e-02 1.123774498701095581e-01 9.100596606731414795e-02 3.186704826354980469e+01 6.106516346335411072e-02
2.563842013478279114e-02 3.276624903082847595e-02 1.768267340958118439e-02 2.246422506868839264e-02 1.809105110168457031e+01 2.633784338831901550e-02 8.283204436302185059e-01 4.975045204162597656e+00 2.920163050293922424e-02 1.558480381965637207e+00
2.122666314244270325e-02 5.331383705139160156e+00 1.263816934078931808e-02 9.179766289889812469e-03 3.126565217971801758e+00 1.549841370433568954e-02 1.205834001302719116e-02 2.650803327560424805e-01 2.122846096754074097e-01 2.493181452155113220e-02
8.936479687690734863e-03 5.330171436071395874e-02 2.009028568863868713e-02 3.687613964080810547e+00 4.230373859405517578e+00 1.028700079768896103e-02 5.602239444851875305e-02 2.444557659327983856e-02 4.458611086010932922e-02 7.312888279557228088e-03
9.918366074562072754e-01 1.778151467442512512e-02 9.661316871643066406e+00 4.202906042337417603e-02 1.515415590256452560e-02 8.497891947627067566e-03 1.709324680268764496e-02 1.997425779700279236e-02 9.601616859436035156e-01 1.725420837402343750e+02
8.696598932147026062e-03 3.980118408799171448e-02 1.645120605826377869e-02 8.744151890277862549e-02 9.684229269623756409e-03 1.016064071655273438e+01 1.951310038566589355e-02 2.683467388153076172e+00 2.547444820404052734e+00 1.483583915978670120e-02
8.721936225891113281e+00 2.978150732815265656e-02 2.923754230141639709e-02 1.351629756391048431e-02 1.948034763336181641e-02 1.213484883308410645e+00 2.715471506118774414e+00 3.134525567293167114e-02 1.893589831888675690e-02 3.912543877959251404e-02
1.504838104248046875e+02 2.170462533831596375e-02 1.210666179656982422e+01 2.818227931857109070e-02 1.344295218586921692e-02 3.847010135650634766e+00 1.552075333893299103e-02 1.642009802162647247e-02 5.136081483215093613e-03 2.273268066346645355e-02
9.317572228610515594e-03 7.347861289978027344e+00 1.478671655058860779e-02 2.479228820800781250e+02 3.911411762237548828e-02 8.249656297266483307e-03 1.087821368128061295e-02 2.405679412186145782e-02 1.096625439822673798e-02 9.004835784435272217e-02
2.700428850948810577e-02 3.876442909240722656e+00 2.072652801871299744e-02 3.117549046874046326e-02 2.840360403060913086e+00 2.169312164187431335e-02 3.041917979717254639e-01 1.555742602795362473e-02 1.387931872159242630e-02 2.155114896595478058e-02
2.079616114497184753e-02 1.115272380411624908e-02 9.785606384277343750e+00 7.060502171516418457e-01 1.585118845105171204e-02 2.694554440677165985e-02 1.311864703893661499e-02 1.840957812964916229e-02 6.093636751174926758e-01 1.575272530317306519e-02
5.523576140403747559e-01 2.890349006652832031e+01 3.320932760834693909e-02 1.052741799503564835e-02 2.921121008694171906e-02 3.286603465676307678e-02 3.217315301299095154e-02 3.540289774537086487e-02 3.018442168831825256e-02 3.166640281677246094e+00
4.877832159399986267e-02 2.896610260009765625e+00 7.206579670310020447e-03 2.047039508819580078e+00 3.270614892244338989e-02 1.651858538389205933e-02 5.539250373840332031e-02 5.265437439084053040e-02 1.636265218257904053e-02 1.068205758929252625e-02
2.875975333154201508e-02 4.967375844717025757e-02 1.201672386378049850e-02 2.496057935059070587e-02 2.728690393269062042e-02 4.140366613864898682e-02 3.310802578926086426e-02 2.801264449954032898e-02 3.764612972736358643e-02 5.826142616569995880e-03
1.188550516963005066e-02 8.705182932317256927e-03 9.819109924137592316e-03 1.367653347551822662e-02 1.264695262908935547e+01 2.619224786758422852e-02 7.823719643056392670e-03 1.431089546531438828e-02 1.920217752456665039e+00 3.893638610839843750e+00
1.670921564102172852e+00 4.665530100464820862e-02 1.911166548728942871e+00 2.734601125121116638e-02 2.222627773880958557e-02 3.653995692729949951e-02 6.189917564392089844e+00 1.011750940233469009e-02 4.507814636230468750e+02 8.047423362731933594e+00
4.813331365585327148e-01 9.359485626220703125e+00 2.493453770875930786e-02 2.023966796696186066e-02 2.182676270604133606e-02 1.822586730122566223e-02 2.243166044354438782e-02 8.729265071451663971e-03 3.724850714206695557e-02 6.701639853417873383e-03
9.519968181848526001e-02 2.143102511763572693e-02 1.770209707319736481e-02 8.017444983124732971e-03 2.502593584358692169e-02 1.706991530954837799e-02 6.317099380493164062e+01 6.664607524871826172e-01 1.089423894882202148e-02 2.614955045282840729e-02
1.352751813828945160e-02 1.264432724565267563e-02 1.028730440884828568e-02 2.658922195434570312e+00 1.845552586019039154e-02 3.588083982467651367e-01 1.690685935318470001e-02 1.386010739952325821e-02 2.697387337684631348e-02 6.316395476460456848e-03
1.042480673640966415e-02 3.074377588927745819e-02 1.095486059784889221e-02 1.487981224060058594e+01 2.166987210512161255e-02 1.067914295196533203e+01 1.329045742750167847e-02 1.587706618010997772e-02 2.627676352858543396e-02 1.278502773493528366e-02
2.134739607572555542e-01 7.998539507389068604e-02 7.772490978240966797e-01 9.925640106201171875e+01 3.438724279403686523e-01 4.578359127044677734e+00 1.476306319236755371e+00 1.718153953552246094e-01 1.396555826067924500e-02 4.088549315929412842e-02
2.746884943917393684e-03 2.591731585562229156e-02 3.232887387275695801e-02 2.557031822204589844e+01 5.063218530267477036e-03 1.019584480673074722e-02 2.500624582171440125e-02 2.553509521484375000e+01 3.304923418909311295e-03 4.972036361694335938e+00
1.879543066024780273e-02 2.730082893371582031e+01 1.292174682021141052e-02 7.842008471488952637e-01 1.184464525431394577e-02 3.331262826919555664e+00 1.848290488123893738e-02 1.457621250301599503e-02 2.063582229614257812e+01 6.072068214416503906e+00
1.793515495955944061e-02 2.097731351852416992e+00 9.925641119480133057e-03 5.753813171386718750e+01 9.672416374087333679e-03 1.170485373586416245e-02 6.429674103856086731e-03 4.374384880065917969e+00 6.359634399414062500e+00 1.734442822635173798e-02
2.120880968868732452e-02 5.052136421203613281e+00 9.850520640611648560e-03 2.073210477828979492e-02 1.706909947097301483e-02 2.608415298163890839e-02 3.213841095566749573e-02 1.283668633550405502e-02 8.301971480250358582e-03 2.402704767882823944e-02
1.395876891911029816e-02 3.692789554595947266e+00 4.974785447120666504e-01 1.006797504425048828e+01 2.468185126781463623e-02 7.430856116116046906e-03 1.158438902348279953e-02 9.782350063323974609e-01 9.546188712120056152e-01 1.244951039552688599e-02
2.837467752397060394e-02 3.855200856924057007e-02 2.909899316728115082e-02 2.053939551115036011e-02 5.255623626708984375e+01 4.002546146512031555e-02 8.936222839355468750e+01 1.211540587246417999e-02 3.788792295381426811e-03 1.255215052515268326e-02
1.021866779774427414e-02 1.622739993035793304e-02 1.772658899426460266e-02 9.620562195777893066e-03 6.214527130126953125e+00 1.538865547627210617e-02 9.278179407119750977e-01 1.820550113916397095e-02 2.285794727504253387e-02 2.223066054284572601e-02
5.744834899902343750e+00 2.760309725999832153e-02 2.486092410981655121e-02 2.539764344692230225e-02 2.223235927522182465e-02 8.437382057309150696e-03 3.209944441914558411e-02 2.596388012170791626e-02 2.568352222442626953e-02 3.062847442924976349e-02
1.572579331696033478e-02 1.762540638446807861e-02 4.085009574890136719e+00 2.520478703081607819e-02 1.741025783121585846e-02 1.740851253271102905e-02 1.689037866890430450e-02 1.405449304729700089e-02 2.021306037902832031e+01 1.284896755218505859e+01
1.311653494834899902e+00 2.359522104263305664e+00 2.878150530159473419e-02 2.289979904890060425e-02 1.811516284942626953e-01 8.388760499656200409e-03 2.018461227416992188e+00 3.219585493206977844e-02 6.832352638244628906e+00 1.275539159774780273e+00
7.349207252264022827e-02 1.410640627145767212e-01 8.899058401584625244e-02 1.051274490356445312e+01 1.701144687831401825e-02 7.911363840103149414e-01 1.478071976453065872e-02 2.081972360610961914e-02 2.346989884972572327e-02 1.279445767402648926e+00
1.643752492964267731e-02 2.943549491465091705e-02 2.222674369812011719e+00 2.395629137754440308e-02 2.863555401563644409e-02 2.237227559089660645e-02 3.563262522220611572e-02 3.367726132273674011e-02 1.659905700683593750e+02 3.189611434936523438e-02
1.594778537750244141e+01 9.392271935939788818e-02 8.386784791946411133e-02 1.868077367544174194e-01 1.165727991610765457e-02 1.540277600288391113e-01 1.796875381469726562e+01 1.455231606960296631e-01 1.176950335502624512e-01 1.774949431419372559e+00
2.877743530273437500e+01 7.195510715246200562e-02 1.299979537725448608e-02 1.462123449891805649e-02 9.973429143428802490e-03 4.956182479858398438e+00 6.012780189514160156e+00 1.801371946930885315e-02 3.671506792306900024e-02 1.848519034683704376e-02
9.368023872375488281e-01 3.669531106948852539e+00 2.879359759390354156e-02 1.045066211372613907e-02 2.580378763377666473e-02 1.141775120049715042e-02 1.333571597933769226e-02 2.115491628646850586e+00 3.153434753417968750e+01 2.554058265686035156e+01
3.490942344069480896e-02 1.724006980657577515e-02 2.192535810172557831e-02 2.085470408201217651e-02 1.261922264099121094e+01 2.679299116134643555e-01 7.768102455884218216e-03 1.987442560493946075e-02 2.314984053373336792e-02 4.720617830753326416e-02
1.678865030407905579e-02 2.066161669790744781e-02 1.839045435190200806e-02 3.267739713191986084e-01 1.850913092494010925e-02 1.936114020645618439e-02 2.237279154360294342e-02 2.430667400360107422e+00 7.204258441925048828e-01 3.748425006866455078e+00
1.969317436218261719e+01 3.655137777328491211e+00 1.110221672058105469e+01 3.237997591495513916e-01 2.772987633943557739e-02 2.863667905330657959e-02 2.432336807250976562e+00 2.828384935855865479e-02 1.577698253095149994e-02 2.250466682016849518e-02
3.124718740582466125e-02 2.648937702178955078e-02 3.301844000816345215e-02 9.316937446594238281e+00 1.681702956557273865e-02 1.028325967490673065e-02 1.600695773959159851e-02 4.198261070996522903e-03 1.212373733520507812e+00 3.270479291677474976e-02
8.639576286077499390e-02 5.026464909315109253e-02 5.247494578361511230e-02 4.206318035721778870e-02 4.908023774623870850e-02 7.689157873392105103e-02 4.662808403372764587e-02 1.337405014783143997e-02 5.474058166146278381e-02 7.017037868499755859e+00
7.640107534825801849e-03 1.534403301775455475e-02 8.278245106339454651e-03 5.878363609313964844e+00 6.471253931522369385e-02 1.927672505378723145e+00 1.295156497508287430e-02 5.813746929168701172e+00 7.961287163197994232e-03 8.280454874038696289e-01
2.614610828459262848e-02 2.516310289502143860e-02 1.222408656030893326e-02 3.391717433929443359e+00 1.765909418463706970e-02 1.427548378705978394e-02 1.099306438118219376e-02 8.128268718719482422e-01 5.591013282537460327e-02 1.609258167445659637e-02
2.532708644866943359e-02 1.223237439990043640e-02 1.485610455274581909e-01 2.013459801673889160e-02 5.599919240921735764e-03 1.086378842592239380e-02 2.143974043428897858e-02 1.155392546206712723e-02 2.419681847095489502e-02 3.520322591066360474e-02
1.974683441221714020e-02 1.118200197815895081e-01 2.382107265293598175e-02 1.589478492736816406e+01 1.110757235437631607e-02 2.819047123193740845e-02 6.393870830535888672e+00 7.806298732757568359e+00 2.395242638885974884e-02 1.878959083557128906e+01
2.004957757890224457e-02 4.367470550537109375e+01 2.159259840846061707e-02 2.559859491884708405e-02 5.042484283447265625e+00 2.312044985592365265e-02 6.572651118040084839e-02 6.876718997955322266e+00 2.424667216837406158e-02 2.528562024235725403e-02
6.611095428466796875e+00 5.981901645660400391e+00 2.917992696166038513e-02 3.506648913025856018e-02 2.375851012766361237e-02 1.896412484347820282e-02 3.355145454406738281e-02 5.219110488891601562e+00 1.285783481597900391e+01 2.290512993931770325e-02
2.443175017833709717e-02 2.907386302947998047e+00 3.098958637565374374e-03 1.076601166278123856e-02 7.171640172600746155e-03 1.675444655120372772e-02 1.950362138450145721e-02 1.887274719774723053e-02 2.134013734757900238e-02 4.296764373779296875e+00
3.257089108228683472e-02 1.247038364410400391e+00 1.982931733131408691e+00 5.139412307739257812e+01 1.721636891365051270e+00 3.051639907062053680e-02 2.547911405563354492e-01 4.154361784458160400e-02 2.592204324901103973e-02 3.527608141303062439e-02
8.808946013450622559e-01 1.335155591368675232e-02 2.042975090444087982e-02 2.330308780074119568e-02 3.319478273391723633e+00 4.642698764801025391e+00 6.528720259666442871e-01 1.520543266087770462e-02 2.147150802612304688e+01 4.875030040740966797e+00
1.411169953644275665e-02 4.560353279113769531e+00 5.210984125733375549e-02 1.361459679901599884e-02 4.100674763321876526e-03 7.197846658527851105e-03 4.096142575144767761e-02 4.597047805786132812e+00 4.440001677721738815e-03 1.083553489297628403e-02
1.564188385009765625e+01 6.835841178894042969e+00 1.515887584537267685e-02 1.540009304881095886e-02 1.320710778236389160e-02 1.974599994719028473e-02 2.054546959698200226e-02 1.339914090931415558e-02 1.685603894293308258e-02 8.003536611795425415e-03
2.043418027460575104e-02 1.462023798376321793e-02 7.323886454105377197e-02 1.218674302101135254e+00 8.078890442848205566e-01 4.788663610816001892e-02 9.306245422363281250e+01 9.210515767335891724e-03 1.101799130439758301e+00 1.229932457208633423e-01
1.585391908884048462e-02 2.675183676183223724e-02 3.835189056396484375e+01 2.544526100158691406e+00 1.940158754587173462e-02 1.843373663723468781e-02 5.740224123001098633e-01 5.094752646982669830e-03 2.310072816908359528e-02 2.141236513853073120e-02
5.114381313323974609e+00 1.608860865235328674e-02 1.278207730501890182e-02 7.132761001586914062e+00 2.514009177684783936e-02 1.523801311850547791e-02 4.257356643676757812e+00 8.096559904515743256e-03 1.578867994248867035e-02 7.394435815513134003e-03
2.309785336256027222e-01 7.357711791992187500e+00 2.304515361785888672e+00 1.694021373987197876e-02 1.081873197108507156e-02 1.902910135686397552e-02 1.188902020454406738e+00 1.345069766044616699e+00 1.161732101440429688e+01 2.218043617904186249e-02
8.578545532226562500e+02 2.220605313777923584e-02 5.328545346856117249e-02 4.001370072364807129e-02 3.653369471430778503e-02 4.319976642727851868e-02 4.136326536536216736e-02 5.710998773574829102e-01 4.370079562067985535e-02 4.549270495772361755e-02
1.204261090606451035e-02 1.386404689401388168e-02 8.818457834422588348e-03 2.362393960356712341e-02 6.902931690216064453e+00 1.408844089508056641e+01 2.310835011303424835e-02 9.067244529724121094e+00 3.213122952729463577e-03 2.311359532177448273e-02
3.845469281077384949e-02 1.715436950325965881e-02 6.485163420438766479e-02 1.209822368621826172e+01 4.131203517317771912e-02 1.862199790775775909e-02 2.968118190765380859e-01 3.447386249899864197e-02 3.886155843734741211e+00 1.528599765151739120e-02
6.681327819824218750e+00 2.445686981081962585e-02 2.514454349875450134e-02 4.089560508728027344e-01 2.757107496261596680e+00 9.145624637603759766e-01 3.952649608254432678e-02 2.563165687024593353e-02 1.950004510581493378e-02 2.520749345421791077e-02
5.048710823059082031e+00 4.220045089721679688e+00 2.063159458339214325e-02 1.468208618462085724e-02 2.688723616302013397e-02 1.778193563222885132e-02 1.740778051316738129e-02 2.286337316036224365e-02 9.988119006156921387e-01 3.465301170945167542e-02
1.997605323791503906e+01 1.433544233441352844e-02 9.380105018615722656e+00 3.851060569286346436e-02 3.161183372139930725e-02 1.277547143399715424e-02 3.425117582082748413e-02 1.404464710503816605e-02 3.604891598224639893e-01 4.487656429409980774e-02
2.824805974960327148e+00 4.585951194167137146e-02 2.862206846475601196e-02 3.361656963825225830e-01 8.156028389930725098e-02 7.150703668594360352e-02 4.090303927659988403e-02 3.222572565078735352e+00 4.953840002417564392e-02 5.013679340481758118e-02
1.622645556926727295e-02 1.251944340765476227e-02 9.794976562261581421e-03 3.539139747619628906e+00 1.551041658967733383e-02 3.528112173080444336e+00 1.193073019385337830e-02 1.873600110411643982e-02 1.022255134582519531e+01 4.141066595911979675e-02
2.507855743169784546e-02 3.796701878309249878e-02 8.725800551474094391e-03 1.069899573922157288e-01 1.435741424560546875e+00 3.721099853515625000e+01 1.920190639793872833e-02 3.592987358570098877e-02 1.996344141662120819e-02 3.025187492370605469e+00
2.308483421802520752e-02 2.626375667750835419e-02 5.169538021087646484e+00 2.586569078266620636e-02 2.288637124001979828e-02 3.185799717903137207e-02 2.344161272048950195e-02 3.827641159296035767e-02 2.505632676184177399e-02 3.928639367222785950e-02
1.790347322821617126e-02 1.480780839920043945e-01 3.444955348968505859e+00 1.060644909739494324e-02 2.412278577685356140e-02 2.438097745180130005e-01 2.987999916076660156e-01 1.889682002365589142e-02 1.081205749511718750e+01 6.961095612496137619e-03
1.889464631676673889e-02 1.714186742901802063e-02 1.387339830398559570e-02 1.580931805074214935e-02 5.281378746032714844e+00 2.672242373228073120e-02 2.198253758251667023e-02 2.062072604894638062e-01 1.380150206387042999e-02 2.231148630380630493e-02
1.846649870276451111e-02 7.006196594238281250e+01 2.912590093910694122e-02 1.361809205263853073e-02 7.470392156392335892e-03 2.651185542345046997e-02 2.326689474284648895e-02 9.920602664351463318e-03 1.937187835574150085e-02 2.748620510101318359e+00
2.060800045728683472e-02 9.655077941715717316e-03 4.912221431732177734e+00 1.507961630821228027e+00 1.833024807274341583e-02 7.293627597391605377e-03 1.139059662818908691e-02 9.183274582028388977e-03 7.311357259750366211e-01 5.133008575439453125e+01
4.689536616206169128e-02 2.031019516289234161e-02 2.087819948792457581e-02 1.768285781145095825e-02 4.272653907537460327e-02 1.656983420252799988e-02 1.777404733002185822e-02 3.454759716987609863e-02 6.333236396312713623e-02 5.109194666147232056e-02
8.624695241451263428e-02 1.810479350388050079e-02 3.724072933197021484e+00 4.483015537261962891e+00 1.659564137458801270e+00 1.416029222309589386e-02 1.997997760772705078e+00 2.975108847022056580e-02 1.639985665678977966e-02 3.781239688396453857e-02
2.403209209442138672e+00 1.160260105133056641e+01 1.725572347640991211e-02 1.532470900565385818e-02 3.948223352432250977e+00 2.247816883027553558e-02 1.417575955390930176e+00 1.777668483555316925e-02 1.131309986114501953e+01 2.055548503994941711e-02
1.169071719050407410e-01 2.144669741392135620e-02 5.672929763793945312e+01 5.879700183868408203e+00 1.498889829963445663e-02 1.405907794833183289e-02 5.637601017951965332e-03 2.171059697866439819e-02 1.654625535011291504e+00 1.602253150939941406e+01
1.559995673596858978e-02 1.518296916037797928e-02 1.043023262172937393e-02 1.874651670455932617e+00 1.089731827378273010e-01 8.777159266173839569e-03 1.788019575178623199e-02 1.931449770927429199e-02 8.119783401489257812e+00 1.077554002404212952e-02
2.522550523281097412e-02 8.752749562263488770e-01 2.636402286589145660e-02 2.728820778429508209e-02 1.440224456787109375e+01 9.780668467283248901e-02 1.641958579421043396e-02 2.821110934019088745e-02 1.682842709124088287e-02 1.420169591903686523e+00
