6.957661360502243042e-02 2.086680221557617188e+01 2.564165830612182617e+00 5.598410964012145996e-02
9.516074061393737793e-01 1.631546579301357269e-02 2.306030504405498505e-02 5.213117599487304688e+01
3.117969989776611328e+00 2.219328097999095917e-02 1.408997297286987305e+00 2.952602691948413849e-02
1.507510244846343994e-01 6.324063241481781006e-02 4.975799843668937683e-02 6.453199684619903564e-02
5.229477584362030029e-02 2.115492582321166992e+00 6.606955081224441528e-02 5.403710156679153442e-02
1.119552701711654663e-01 8.828191459178924561e-02 9.551334381103515625e-02 1.237693652510643005e-01
4.189844429492950439e-02 1.202346444129943848e+00 5.584616586565971375e-02 1.771956831216812134e-01
2.953231334686279297e-02 3.165891766548156738e-02 3.245201334357261658e-02 6.334878444671630859e+00
5.935576915740966797e+00 1.946332678198814392e-02 2.719475142657756805e-02 3.097224608063697815e-02
3.953475132584571838e-02 2.264800481498241425e-02 7.244926452636718750e+00 9.676456451416015625e-03
1.170891046524047852e+00 4.319272562861442566e-02 4.625638425350189209e-01 3.588650375604629517e-02
4.949863627552986145e-02 5.394425615668296814e-02 6.060720607638359070e-02 5.933130905032157898e-02
3.695012629032135010e-02 2.468068897724151611e-02 2.500725507736206055e+00 2.513630874454975128e-02
1.026669517159461975e-02 1.165813431143760681e-01 3.156403452157974243e-02 6.372291564941406250e+00
2.684976719319820404e-02 3.640395030379295349e-02 3.085611388087272644e-02 4.609655588865280151e-02
2.919215522706508636e-02 4.309860616922378540e-02 4.003550410270690918e-01 1.988386958837509155e-01
4.291630163788795471e-02 6.685571372509002686e-02 3.271412849426269531e-02 5.727446451783180237e-02
1.093354105949401855e+00 4.468013346195220947e-02 4.022618383169174194e-02 3.623723387718200684e-01
6.180758953094482422e+00 1.428691763430833817e-02 1.708175055682659149e-02 2.100366912782192230e-02
2.062677764892578125e+01 5.288450047373771667e-02 5.344247817993164062e-02 7.747007906436920166e-02
6.837999075651168823e-02 7.496874779462814331e-02 6.618236750364303589e-02 5.488715693354606628e-02
7.347046583890914917e-02 4.061093926429748535e-02 1.741749346256256104e-01 3.986123204231262207e-02
4.257192462682723999e-02 7.091915607452392578e-02 6.711743026971817017e-02 9.490568935871124268e-02
8.800775557756423950e-02 1.961737871170043945e-01 1.436999291181564331e-01 1.528526395559310913e-01
2.518408559262752533e-02 3.002516746520996094e+00 4.230920225381851196e-02 4.552323371171951294e-02
4.667280241847038269e-02 5.169893149286508560e-03 6.382483291625976562e+01 6.677027046680450439e-02
1.411651168018579483e-02 2.904584655761718750e+02 1.282702572643756866e-02 3.747773170471191406e+00
3.182030200958251953e+00 3.485383093357086182e-02 1.029858856201171875e+02 3.035443276166915894e-02
9.468233585357666016e-01 5.396668985486030579e-02 7.881581783294677734e-02 5.735985189676284790e-02
5.309422314167022705e-02 1.362316012382507324e-01 1.679347641766071320e-02 6.974402070045471191e-02
2.291269540786743164e+00 2.398026084899902344e+01 4.263046383857727051e-02 2.169524133205413818e-02
1.546506863087415695e-02 1.674230766296386719e+01 5.834657192230224609e+00 1.241686439514160156e+01
6.943322718143463135e-02 1.602114923298358917e-02 8.517704010009765625e+00 1.476250052452087402e+00
4.038820043206214905e-02 3.277550041675567627e-01 4.734515398740768433e-02 6.779702007770538330e-02
5.123793601989746094e+00 2.992309257388114929e-02 1.982660032808780670e-02 4.274678975343704224e-02
7.644616067409515381e-02 5.375300720334053040e-02 3.674761295318603516e+00 6.752647876739501953e+00
2.638002967834472656e+01 2.069992780685424805e+00 3.521905094385147095e-02 3.727623447775840759e-02
3.616144135594367981e-02 5.792950987815856934e-01 7.328432798385620117e-02 7.311810553073883057e-02
3.935490921139717102e-02 3.678805008530616760e-02 6.580596417188644409e-02 4.163075238466262817e-02
1.700398474931716919e-01 6.384811550378799438e-02 7.981061935424804688e-02 8.613901585340499878e-02
2.874694578349590302e-02 1.776796150207519531e+01 2.817432582378387451e-02 3.311636671423912048e-02
6.684546947479248047e+00 2.463171444833278656e-02 1.992672681808471680e-02 2.262206077575683594e+01
1.561377048492431641e-01 9.160491079092025757e-02 7.021092623472213745e-02 7.200664281845092773e-02
1.733217239379882812e+01 2.404907904565334320e-02 1.874552667140960693e-02 2.523403406143188477e+00
3.741160869598388672e+00 2.578751742839813232e-02 2.002624422311782837e-01 2.773925960063934326e-01
3.451822325587272644e-02 6.099625304341316223e-02 4.727105051279067993e-02 6.042622029781341553e-02
7.411485314369201660e-01 3.182002902030944824e-02 2.700316533446311951e-02 2.764076925814151764e-02
4.379690438508987427e-02 3.804651647806167603e-02 8.306632190942764282e-02 4.001497104763984680e-02
1.500938460230827332e-02 8.533819019794464111e-02 6.715649604797363281e+00 1.478739548474550247e-02
2.551013231277465820e-02 1.699515461921691895e+00 2.330526895821094513e-02 8.244694210588932037e-03
1.325611472129821777e-01 1.389462947845458984e-01 8.692540228366851807e-02 1.400118172168731689e-01
1.870551705360412598e-02 8.500925064086914062e+00 6.876481771469116211e-01 1.928607746958732605e-02
2.938967704772949219e+00 3.507973551750183105e-01 8.568661689758300781e+00 4.011685401201248169e-02
1.523884944617748260e-02 3.375351056456565857e-02 2.593155950307846069e-02 5.021325871348381042e-02
8.233218789100646973e-01 2.138482220470905304e-02 1.944396257400512695e+00 2.056975066661834717e-01
7.023610174655914307e-02 2.592418193817138672e-01 1.444262415170669556e-01 6.419753432273864746e-01
1.870418190956115723e+00 4.418403506278991699e-01 4.297210648655891418e-02 5.975542217493057251e-02
1.320256614685058594e+01 3.893749475479125977e+00 1.514602545648813248e-02 8.688265800476074219e+00
5.536117553710937500e+00 2.448225170373916626e-01 2.580357156693935394e-02 3.423793411254882812e+01
9.868162870407104492e-02 6.002281233668327332e-02 5.867239087820053101e-02 2.553403139114379883e+00
4.410638008266687393e-03 1.705823466181755066e-02 2.404908277094364166e-02 2.574269473552703857e-02
3.049314953386783600e-02 4.506929591298103333e-02 5.335999011993408203e+00 3.271640045568346977e-03
1.688474273681640625e+01 1.803389072418212891e+00 1.624121069908142090e-01 1.846805512905120850e-01
4.633928298950195312e+00 8.956500142812728882e-02 6.453574448823928833e-02 1.295727157592773438e+01
4.660839557647705078e+00 2.056328207254409790e-02 2.227816917002201080e-02 5.503212928771972656e+00
2.282251045107841492e-02 2.987907218933105469e+01 5.598651885986328125e+01 6.703680992126464844e+00
4.801424503326416016e+00 1.704397439956665039e+00 4.962157592773437500e+02 2.031166851520538330e-02
2.399558067321777344e+01 1.131202131509780884e-01 1.920781880617141724e-01 4.523025989532470703e+00
9.289562225341796875e+00 9.256568551063537598e-02 5.704737901687622070e-01 1.913847588002681732e-02
2.728224731981754303e-02 2.859325893223285675e-02 2.932368591427803040e-02 2.898180298507213593e-02
2.401031926274299622e-02 3.232614696025848389e-02 1.888253211975097656e+00 1.435119819641113281e+01
5.712943077087402344e+00 2.558018080890178680e-02 2.188282273709774017e-02 3.100301697850227356e-02
1.290470175445079803e-02 6.265544414520263672e+00 7.035789638757705688e-02 4.446199417114257812e+00
3.418000787496566772e-02 2.918479405343532562e-02 1.975815556943416595e-02 5.061410427093505859e+00
3.185827657580375671e-02 4.102807492017745972e-02 2.607742883265018463e-02 3.977119550108909607e-02
5.552098155021667480e-03 2.139137312769889832e-02 7.861509799957275391e+00 2.313088253140449524e-02
3.892866134643554688e+01 6.246259212493896484e-01 4.552843049168586731e-02 3.824946284294128418e-02
1.341063342988491058e-02 2.334486722946166992e+00 3.008956146240234375e+01 5.715219303965568542e-02
5.613386258482933044e-02 2.194052562117576599e-02 6.676428020000457764e-02 5.745026096701622009e-02
3.863709926605224609e+00 2.028393186628818512e-02 6.084267515689134598e-03 1.492840889841318130e-02
5.343711748719215393e-02 6.111824885010719299e-02 5.631420016288757324e-02 4.033520445227622986e-02
9.985646232962608337e-03 5.812427043914794922e+00 2.122159674763679504e-02 2.114152535796165466e-02
5.664616823196411133e-01 3.529610931873321533e-01 8.617645263671875000e+00 1.951719284057617188e+00
1.640112519264221191e+00 1.900500245392322540e-02 2.391082793474197388e-02 1.015855407714843750e+01
4.868099212646484375e+00 5.667391419410705566e-02 8.146159350872039795e-02 6.411490917205810547e+00
3.507391735911369324e-02 2.201545424759387970e-02 5.791843891143798828e+00 4.044658690690994263e-02
1.227873516082763672e+01 1.046651744842529297e+01 2.861024439334869385e-02 1.708533614873886108e-02
5.027802944183349609e+00 2.006849087774753571e-02 4.679143056273460388e-02 2.592426538467407227e-02
9.884449839591979980e-02 7.658812403678894043e-02 7.346843183040618896e-02 6.860718131065368652e-02
3.083271719515323639e-02 3.554812818765640259e-02 3.134984895586967468e-02 1.186191320419311523e+00
3.451712429523468018e-01 2.150999754667282104e-01 5.067851066589355469e+00 5.057203769683837891e+00
4.075168073177337646e-01 1.901594176888465881e-02 2.040237002074718475e-02 1.536608487367630005e-02
1.574231125414371490e-02 2.416402474045753479e-02 2.473973482847213745e-02 2.868194878101348877e-02
9.085986763238906860e-03 3.172052651643753052e-02 1.513398647308349609e+00 2.559792064130306244e-02
2.177598886191844940e-02 3.875103592872619629e-02 1.105871573090553284e-01 1.889586448669433594e+00
4.613287374377250671e-02 1.912598870694637299e-02 3.064971230924129486e-02 3.040517330169677734e+00
2.196875959634780884e-02 2.704727090895175934e-02 3.034735202789306641e+00 4.163770005106925964e-02
4.508299753069877625e-02 4.963908344507217407e-02 7.362777233123779297e+00 6.084447354078292847e-02
8.007789403200149536e-02 7.980146259069442749e-02 1.082447543740272522e-01 3.110779263079166412e-02
3.970262035727500916e-02 3.637951135635375977e+00 5.011809617280960083e-02 2.574021182954311371e-02
