5.400001907348632812e+01 1.104125785827636719e+01 1.104125785827636719e+01 1.104125785827636719e+01
4.715239334106445312e+01 4.715239334106445312e+01 2.393867301940917969e+01 2.393867301940917969e+01
2.635220718383789062e+01 3.361817169189453125e+01 3.361606597900390625e+01 3.361606597900390625e+01
2.922043800354003906e+01 2.922043800354003906e+01 2.922043800354003906e+01 2.922043800354003906e+01
4.875555801391601562e+01 4.875555801391601562e+01 4.875555801391601562e+01 4.875555801391601562e+01
3.490966796875000000e+01 3.490966796875000000e+01 3.490966796875000000e+01 3.490966796875000000e+01
3.414836120605468750e+01 2.469992637634277344e+01 3.414836120605468750e+01 3.414836120605468750e+01
4.274472808837890625e+01 4.274472808837890625e+01 4.274472808837890625e+01 4.274472808837890625e+01
3.800327682495117188e+01 2.615097618103027344e+01 3.800327682495117188e+01 3.800327682495117188e+01
3.454862594604492188e+01 3.454862594604492188e+01 3.894576263427734375e+01 4.157923507690429688e+01
6.791935443878173828e+00 4.899105072021484375e+01 4.899105072021484375e+01 4.899105072021484375e+01
2.943300247192382812e+01 2.943300247192382812e+01 1.158591175079345703e+01 2.943300247192382812e+01
4.395114517211914062e+01 2.519825744628906250e+01 3.219543457031250000e+01 3.219543457031250000e+01
4.478097534179687500e+01 4.478097534179687500e+01 4.478097534179687500e+01 4.478097534179687500e+01
4.299850082397460938e+01 4.299853134155273438e+01 4.299850082397460938e+01 4.299850082397460938e+01
1.415991497039794922e+01 1.415991497039794922e+01 1.415991497039794922e+01 1.415991497039794922e+01
2.959001541137695312e+01 2.959001541137695312e+01 2.959000396728515625e+01 2.959001541137695312e+01
4.776165390014648438e+01 2.438260793685913086e+00 4.776165390014648438e+01 2.438260793685913086e+00
5.550007629394531250e+01 5.550007629394531250e+01 5.550007629394531250e+01 3.818709182739257812e+01
4.522285461425781250e+01 5.188990020751953125e+01 5.188990020751953125e+01 5.188990020751953125e+01
5.377035903930664062e+01 5.377035903930664062e+01 5.377035903930664062e+01 5.377035903930664062e+01
4.882560348510742188e+01 1.733969497680664062e+01 4.882560348510742188e+01 4.882560348510742188e+01
3.968188858032226562e+01 6.791771888732910156e+00 4.558204650878906250e+01 4.558204650878906250e+01
1.818826103210449219e+01 1.228467750549316406e+01 1.818826103210449219e+01 1.818826103210449219e+01
3.838926315307617188e+01 3.838926315307617188e+01 3.838926315307617188e+01 3.838926315307617188e+01
4.585089206695556641e+00 1.728692054748535156e+01 3.358803510665893555e+00 1.728692054748535156e+01
2.531353569030761719e+01 2.531353569030761719e+01 2.531353569030761719e+01 2.531353569030761719e+01
4.797132873535156250e+01 4.797132873535156250e+01 4.797132873535156250e+01 4.797132873535156250e+01
4.478964996337890625e+01 5.550220108032226562e+01 5.550220108032226562e+01 5.550220108032226562e+01
4.541760635375976562e+01 4.541875839233398438e+01 4.541875839233398438e+01 4.541875839233398438e+01
4.802533340454101562e+01 4.802533340454101562e+01 4.802533340454101562e+01 4.802533340454101562e+01
1.817491340637207031e+01 1.817491340637207031e+01 1.817491340637207031e+01 1.817491340637207031e+01
3.791078567504882812e+01 3.791078567504882812e+01 3.791078567504882812e+01 3.791078567504882812e+01
3.632657623291015625e+01 3.632657623291015625e+01 3.632657623291015625e+01 3.632657623291015625e+01
3.432985305786132812e+01 1.976529884338378906e+01 1.976529884338378906e+01 1.976529884338378906e+01
5.094322967529296875e+01 5.094322967529296875e+01 5.094322967529296875e+01 5.094322967529296875e+01
4.290263748168945312e+01 4.290263748168945312e+01 4.290513610839843750e+01 4.290513610839843750e+01
5.342275238037109375e+01 5.342275238037109375e+01 5.342275238037109375e+01 5.342275238037109375e+01
1.364731788635253906e+01 1.364731788635253906e+01 1.364731788635253906e+01 1.364731788635253906e+01
2.918747138977050781e+01 2.918747138977050781e+01 2.918747138977050781e+01 2.918747138977050781e+01
1.994844245910644531e+01 1.994844245910644531e+01 5.060511779785156250e+01 1.994844245910644531e+01
2.113999748229980469e+01 4.155024337768554688e+01 2.113999748229980469e+01 4.241794204711914062e+01
5.520559310913085938e+01 4.675592803955078125e+01 5.520559310913085938e+01 5.520559310913085938e+01
4.026496124267578125e+01 2.871162414550781250e+01 4.026496124267578125e+01 4.026496124267578125e+01
4.443928527832031250e+01 4.443928527832031250e+01 4.443928527832031250e+01 4.443928527832031250e+01
2.629545402526855469e+01 3.280907058715820312e+01 2.629544067382812500e+01 2.629544067382812500e+01
5.549998092651367188e+01 5.549998092651367188e+01 5.549998092651367188e+01 5.549998092651367188e+01
4.839564514160156250e+01 4.839564514160156250e+01 4.993904113769531250e+01 4.839564514160156250e+01
2.813785743713378906e+01 2.813804817199707031e+01 2.813785743713378906e+01 2.813804817199707031e+01
1.827859878540039062e+01 1.827859878540039062e+01 1.827859878540039062e+01 1.827859878540039062e+01
3.431062698364257812e+01 3.431062698364257812e+01 3.431062698364257812e+01 3.431062698364257812e+01
2.849539566040039062e+01 3.822534942626953125e+01 3.822534942626953125e+01 2.849539566040039062e+01
3.689605712890625000e+01 3.689627456665039062e+01 3.689588165283203125e+01 3.689588165283203125e+01
1.680923652648925781e+01 1.680923652648925781e+01 1.680923652648925781e+01 1.680923652648925781e+01
4.646665573120117188e+00 4.385555648803710938e+01 4.385555648803710938e+01 4.385555648803710938e+01
7.508463859558105469e+00 2.673240089416503906e+01 7.508463859558105469e+00 7.508463859558105469e+00
2.542487382888793945e+00 2.542487382888793945e+00 2.542487382888793945e+00 2.542487382888793945e+00
4.912666702270507812e+01 3.035324478149414062e+01 3.035324478149414062e+01 3.035324478149414062e+01
3.805015563964843750e+01 3.805015563964843750e+01 4.970475196838378906e+00 3.805015563964843750e+01
5.294264984130859375e+01 2.057367515563964844e+01 2.057367515563964844e+01 2.057367515563964844e+01
2.701937294006347656e+01 2.701937294006347656e+01 2.701937294006347656e+01 2.701937294006347656e+01
1.620557975769042969e+01 1.620557975769042969e+01 1.620557975769042969e+01 1.620557975769042969e+01
4.464460754394531250e+01 4.464460754394531250e+01 3.130864143371582031e+01 4.464460754394531250e+01
2.155323410034179688e+01 2.879143714904785156e+01 2.879143714904785156e+01 2.879143714904785156e+01
4.302349853515625000e+01 4.302349853515625000e+01 3.473666381835937500e+01 4.302349853515625000e+01
1.232352161407470703e+01 1.232352161407470703e+01 2.101012802124023438e+01 4.354512786865234375e+01
3.346697235107421875e+01 3.346697235107421875e+01 3.346697235107421875e+01 3.346697235107421875e+01
2.870100975036621094e+01 2.870100975036621094e+01 2.870110511779785156e+01 7.383423328399658203e+00
3.986367416381835938e+01 3.986684799194335938e+01 3.986367416381835938e+01 3.986367416381835938e+01
4.037010192871093750e+01 4.538114166259765625e+01 4.037010192871093750e+01 4.538114166259765625e+01
4.019826889038085938e+00 1.423825931549072266e+01 4.019826889038085938e+00 4.019826889038085938e+00
5.107358551025390625e+01 5.107358551025390625e+01 4.148986434936523438e+01 5.107358551025390625e+01
4.059458541870117188e+01 4.059465789794921875e+01 2.970816230773925781e+01 2.970816230773925781e+01
4.273476123809814453e+00 1.354263114929199219e+01 1.354263114929199219e+01 1.354263114929199219e+01
2.285969924926757812e+01 2.582535171508789062e+01 3.053328132629394531e+01 2.582535171508789062e+01
3.488422775268554688e+01 4.700561523437500000e+01 4.700561523437500000e+01 4.700561523437500000e+01
5.984399795532226562e+00 4.687302398681640625e+01 5.984399795532226562e+00 4.687302398681640625e+01
2.870559883117675781e+01 2.870559883117675781e+01 5.420840740203857422e+00 2.870559883117675781e+01
4.647711944580078125e+01 4.647711944580078125e+01 1.765658760070800781e+01 4.647711944580078125e+01
3.269306945800781250e+01 5.188716125488281250e+01 3.867385101318359375e+01 3.867385101318359375e+01
3.572910308837890625e+01 4.189058303833007812e+01 4.189058303833007812e+01 4.189058303833007812e+01
2.914631271362304688e+01 2.914631271362304688e+01 2.914631271362304688e+01 2.914631271362304688e+01
2.083958625793457031e+01 2.083958625793457031e+01 2.083958625793457031e+01 2.083958625793457031e+01
1.429453659057617188e+01 1.429453659057617188e+01 1.429453659057617188e+01 1.429453659057617188e+01
3.397496032714843750e+01 3.397496032714843750e+01 3.397493743896484375e+01 3.397496032714843750e+01
3.827505874633789062e+01 3.827505874633789062e+01 3.827505874633789062e+01 3.827505874633789062e+01
3.291592407226562500e+01 4.241093826293945312e+01 3.291592407226562500e+01 4.241093826293945312e+01
5.600000381469726562e+01 5.600000381469726562e+01 5.600000381469726562e+01 5.600000381469726562e+01
2.967995834350585938e+01 3.868655395507812500e+01 3.868655395507812500e+01 2.967995834350585938e+01
4.932283782958984375e+01 2.144010543823242188e+01 4.932283782958984375e+01 2.144010543823242188e+01
4.883654117584228516e+00 5.402975463867187500e+01 5.402975463867187500e+01 5.402975463867187500e+01
4.724712371826171875e+01 2.010274505615234375e+01 4.724712371826171875e+01 4.724712371826171875e+01
5.103969573974609375e+01 5.103969573974609375e+01 5.103969573974609375e+01 5.103969573974609375e+01
7.103305339813232422e+00 4.162591171264648438e+01 7.103305339813232422e+00 4.162591171264648438e+01
1.978643608093261719e+01 1.978643608093261719e+01 1.978643608093261719e+01 1.978643608093261719e+01
2.895899963378906250e+01 2.033682441711425781e+01 2.895899963378906250e+01 2.895899963378906250e+01
2.445273590087890625e+01 2.445273590087890625e+01 2.445273590087890625e+01 2.445273590087890625e+01
5.599995040893554688e+01 5.154119873046875000e+01 5.599995040893554688e+01 5.599995040893554688e+01
5.525048446655273438e+01 3.318765258789062500e+01 5.525048446655273438e+01 3.318765258789062500e+01
2.064139175415039062e+01 2.064180183410644531e+01 2.064180183410644531e+01 2.064180183410644531e+01
