3.204987335205078125e+01 3.204987335205078125e+01 3.204987335205078125e+01 3.204987335205078125e+01
5.110102462768554688e+01 3.340387725830078125e+01 5.110102462768554688e+01 5.110102462768554688e+01
1.370933532714843750e+01 1.370933532714843750e+01 5.553306198120117188e+01 1.370933532714843750e+01
4.272011947631835938e+01 4.272026062011718750e+01 2.852518272399902344e+01 2.852518272399902344e+01
2.221521949768066406e+01 4.701673507690429688e+01 4.701673507690429688e+01 4.701673507690429688e+01
4.661983489990234375e+01 4.661927413940429688e+01 4.661927413940429688e+01 4.661927413940429688e+01
4.735048294067382812e+01 4.735048294067382812e+01 4.735048294067382812e+01 4.735048294067382812e+01
4.061102676391601562e+01 4.061102676391601562e+01 5.279047775268554688e+01 5.279047775268554688e+01
4.601002502441406250e+01 4.601021194458007812e+01 4.601002502441406250e+01 4.601021194458007812e+01
4.436707687377929688e+01 4.436707687377929688e+01 4.436707687377929688e+01 4.436707687377929688e+01
5.014937210083007812e+01 5.200196075439453125e+01 5.200196075439453125e+01 3.281941986083984375e+01
4.020600891113281250e+01 4.020600891113281250e+01 4.020600891113281250e+01 4.020600891113281250e+01
3.911679840087890625e+01 2.918565177917480469e+01 3.911679840087890625e+01 3.911679840087890625e+01
1.669106864929199219e+01 3.110071659088134766e+00 1.669106864929199219e+01 1.669106864929199219e+01
5.273604583740234375e+01 5.273528289794921875e+01 5.273528289794921875e+01 5.273528289794921875e+01
4.592836380004882812e+01 1.619808959960937500e+01 4.591640090942382812e+01 4.591640090942382812e+01
3.130072593688964844e+01 4.358128356933593750e+01 4.358128356933593750e+01 4.358128356933593750e+01
3.291549682617187500e+01 4.915681838989257812e+01 4.915681838989257812e+01 4.915681838989257812e+01
4.353950881958007812e+01 4.353950881958007812e+01 4.353950881958007812e+01 5.631700515747070312e+01
5.020384216308593750e+01 5.020384216308593750e+01 2.887273025512695312e+01 1.389465141296386719e+01
3.064600944519042969e+01 1.250929260253906250e+01 1.250929260253906250e+01 3.064600944519042969e+01
2.937979459762573242e+00 2.937979459762573242e+00 2.937979459762573242e+00 2.937979459762573242e+00
5.101929855346679688e+01 5.101929855346679688e+01 5.101929855346679688e+01 5.101929855346679688e+01
4.317772674560546875e+01 4.317772674560546875e+01 4.317732620239257812e+01 4.317732620239257812e+01
3.884140777587890625e+01 2.011061096191406250e+01 2.011061096191406250e+01 3.884140777587890625e+01
4.570747756958007812e+01 4.570747756958007812e+01 1.478897953033447266e+01 4.570747756958007812e+01
5.550003051757812500e+01 5.550003051757812500e+01 5.550003051757812500e+01 5.550003051757812500e+01
2.736490440368652344e+01 5.049816894531250000e+01 5.049816894531250000e+01 5.049816894531250000e+01
3.544373703002929688e+01 3.544373703002929688e+01 3.544373703002929688e+01 3.544373703002929688e+01
2.171413803100585938e+01 2.171413803100585938e+01 7.755928993225097656e+00 2.172029685974121094e+01
5.511639785766601562e+01 5.511639785766601562e+01 5.511639785766601562e+01 5.511639785766601562e+01
4.568840026855468750e+01 1.218002033233642578e+01 1.218002033233642578e+01 1.218002033233642578e+01
1.972696876525878906e+01 1.972696876525878906e+01 1.972696876525878906e+01 1.972696876525878906e+01
5.599994659423828125e+01 5.599994659423828125e+01 5.599994659423828125e+01 5.599994659423828125e+01
3.750866699218750000e+01 3.750866699218750000e+01 1.827370834350585938e+01 1.827370834350585938e+01
3.075427055358886719e+01 3.075427055358886719e+01 3.075427055358886719e+01 3.075427055358886719e+01
5.613950347900390625e+01 5.613827514648437500e+01 5.613950347900390625e+01 5.613950347900390625e+01
2.960959815979003906e+01 2.960959815979003906e+01 2.960959815979003906e+01 2.960959815979003906e+01
1.497428131103515625e+01 1.497428131103515625e+01 1.497428131103515625e+01 1.497428131103515625e+01
5.600007247924804688e+01 5.600007247924804688e+01 1.213671779632568359e+01 5.600007247924804688e+01
4.008786392211914062e+01 4.008940505981445312e+01 4.008786392211914062e+01 4.008940505981445312e+01
3.372610092163085938e+01 3.599573135375976562e+01 3.741418838500976562e+01 3.372610092163085938e+01
4.098397445678710938e+01 4.098307800292968750e+01 4.098397445678710938e+01 4.098397445678710938e+01
4.378569412231445312e+01 4.278592681884765625e+01 4.278592681884765625e+01 4.278592681884765625e+01
4.338014221191406250e+01 2.602160835266113281e+01 2.602160835266113281e+01 2.602160835266113281e+01
4.372695159912109375e+01 4.372695159912109375e+01 4.372695159912109375e+01 4.372695159912109375e+01
4.123461914062500000e+01 4.123466110229492188e+01 4.123466110229492188e+01 4.123466873168945312e+01
3.572841262817382812e+01 3.572841262817382812e+01 4.444922256469726562e+01 1.771043777465820312e+01
4.390041351318359375e+01 4.390041351318359375e+01 4.390041351318359375e+01 4.390041351318359375e+01
1.228436374664306641e+01 1.228436374664306641e+01 4.570518875122070312e+01 1.228436374664306641e+01
1.696258354187011719e+01 3.747480010986328125e+01 1.696258354187011719e+01 3.747480010986328125e+01
1.201191806793212891e+01 2.751003742218017578e+00 1.201191806793212891e+01 1.201191806793212891e+01
3.004543876647949219e+01 3.004543876647949219e+01 3.004543876647949219e+01 3.004543876647949219e+01
5.536183929443359375e+01 2.333325576782226562e+01 5.536183929443359375e+01 2.333325576782226562e+01
1.918074798583984375e+01 3.796022796630859375e+01 1.087015151977539062e+01 3.796022796630859375e+01
4.562136840820312500e+01 4.562136840820312500e+01 3.882398605346679688e+01 3.882398605346679688e+01
4.020482254028320312e+01 4.080778121948242188e+01 4.080778121948242188e+01 4.080778121948242188e+01
3.686828231811523438e+01 3.686828231811523438e+01 3.686828231811523438e+01 3.686828231811523438e+01
5.475122451782226562e+01 5.475122451782226562e+01 5.475122451782226562e+01 5.475122451782226562e+01
3.211415863037109375e+01 3.230877685546875000e+01 3.230877685546875000e+01 3.230877685546875000e+01
4.634843349456787109e+00 3.059452247619628906e+01 4.634843349456787109e+00 4.634843349456787109e+00
4.143204498291015625e+01 4.143204498291015625e+01 4.143204498291015625e+01 4.783193206787109375e+01
4.350767517089843750e+01 4.350767517089843750e+01 4.350767517089843750e+01 4.350767517089843750e+01
2.412856864929199219e+01 2.043476295471191406e+01 2.043476295471191406e+01 2.043476295471191406e+01
4.287563323974609375e+01 2.712729263305664062e+01 2.712729263305664062e+01 2.712729263305664062e+01
3.551605606079101562e+01 3.551605606079101562e+01 3.551605606079101562e+01 3.551605606079101562e+01
1.954019546508789062e+01 1.874935722351074219e+01 3.358826065063476562e+01 3.358826065063476562e+01
1.962878417968750000e+01 1.962878417968750000e+01 1.962878417968750000e+01 1.962878417968750000e+01
2.369970130920410156e+01 2.369970130920410156e+01 2.369970130920410156e+01 2.369970130920410156e+01
3.630351257324218750e+01 4.268562698364257812e+01 4.268562698364257812e+01 4.268562698364257812e+01
4.042071151733398438e+01 4.302934646606445312e+01 4.042071151733398438e+01 4.042071151733398438e+01
2.400727081298828125e+01 2.401054382324218750e+01 2.401054382324218750e+01 2.401054382324218750e+01
1.305594539642333984e+01 5.611076354980468750e+01 5.611076354980468750e+01 5.611076354980468750e+01
5.110958099365234375e+01 5.110958099365234375e+01 5.111083602905273438e+01 5.111083602905273438e+01
3.832761764526367188e+01 3.832761764526367188e+01 3.832760238647460938e+01 3.832761764526367188e+01
5.139826202392578125e+01 5.139824676513671875e+01 5.139824676513671875e+01 5.139824676513671875e+01
3.983953094482421875e+01 4.811735916137695312e+01 3.983953094482421875e+01 4.811735916137695312e+01
3.587853622436523438e+01 3.587853622436523438e+01 3.374166870117187500e+01 3.374166870117187500e+01
4.890200805664062500e+01 2.349571418762207031e+01 4.890200805664062500e+01 2.349571418762207031e+01
3.553578948974609375e+01 2.109716033935546875e+01 2.109716033935546875e+01 2.109716033935546875e+01
4.006978225708007812e+01 2.656101608276367188e+01 4.006978225708007812e+01 2.656101608276367188e+01
3.336922073364257812e+01 3.336922073364257812e+01 4.564155578613281250e+01 4.564155578613281250e+01
3.998241424560546875e+01 3.998241424560546875e+01 3.078548622131347656e+01 3.078548622131347656e+01
3.533941268920898438e+01 3.533941268920898438e+01 3.533941268920898438e+01 3.533941268920898438e+01
5.550301361083984375e+01 5.550301361083984375e+01 5.550301361083984375e+01 5.550301361083984375e+01
2.194236946105957031e+01 2.194236946105957031e+01 1.901362800598144531e+01 2.194236946105957031e+01
7.881356716156005859e+00 4.260608291625976562e+01 7.881356716156005859e+00 4.260608291625976562e+01
4.063414001464843750e+01 4.063414001464843750e+01 4.063414001464843750e+01 4.063414001464843750e+01
4.187295150756835938e+01 4.187295150756835938e+01 4.187295150756835938e+01 4.187295150756835938e+01
2.890215873718261719e+01 2.890253448486328125e+01 2.890215873718261719e+01 2.890253448486328125e+01
3.462591934204101562e+01 3.462591934204101562e+01 3.462591934204101562e+01 3.462591934204101562e+01
4.717338180541992188e+01 4.717337417602539062e+01 3.351171493530273438e+01 4.717337417602539062e+01
2.927747344970703125e+01 4.821859741210937500e+01 4.821859741210937500e+01 2.927747344970703125e+01
1.029634475708007812e+01 2.768426895141601562e+01 1.029634475708007812e+01 2.768426895141601562e+01
4.893437194824218750e+01 1.744513320922851562e+01 1.744513320922851562e+01 1.744513320922851562e+01
2.123134231567382812e+01 4.960012435913085938e+01 4.960012435913085938e+01 4.960012435913085938e+01
2.771859931945800781e+01 2.771859931945800781e+01 2.771859931945800781e+01 2.771859931945800781e+01
5.578615570068359375e+01 5.578615570068359375e+01 5.578615570068359375e+01 5.578615570068359375e+01
2.218312263488769531e+01 3.720092010498046875e+01 3.720092010498046875e+01 3.720092010498046875e+01
5.631517791748046875e+01 5.631517791748046875e+01 4.382121658325195312e+01 5.631517791748046875e+01
