3.324639110360294580e-04 7.987665594555437565e-04 1.203896943479776382e-03 4.906472750008106232e-04 5.196299552917480469e-01 1.011159271001815796e-02 7.869928958825767040e-04 1.556157600134611130e-03 5.442998954094946384e-04 1.727128750644624233e-03
2.412786474451422691e-03 2.243065537186339498e-04 2.549832570366561413e-04 1.359756686724722385e-03 1.726578775560483336e-04 2.662345767021179199e-02 1.350628095678985119e-03 3.534492338076233864e-03 9.410846233367919922e-01 3.808662586379796267e-04
3.126185038127005100e-04 6.796723755542188883e-05 8.467224688502028584e-05 1.424038290977478027e+00 1.579033414600417018e-04 1.374888867139816284e-01 1.808936649467796087e-04 4.855774022871628404e-05 4.878532126895152032e-05 9.875893738353624940e-05
1.918021298479288816e-04 2.185420307796448469e-04 3.328252059873193502e-04 3.209292772226035595e-04 5.844229017384350300e-04 3.317909722682088614e-04 2.653307456057518721e-04 3.637016052380204201e-04 7.087144069373607635e-03 2.720743650570511818e-04
1.923728152178227901e-03 7.504250388592481613e-03 8.743749931454658508e-04 9.504764340817928314e-03 1.016546972095966339e-02 3.908218443393707275e-01 4.019828513264656067e-03 1.538631040602922440e-04 2.027471363544464111e-02 4.240432754158973694e-03
1.260985247790813446e-02 2.286247909069061279e-03 8.929717540740966797e-01 1.093882322311401367e-01 9.491828386671841145e-04 4.968327004462480545e-03 3.867218270897865295e-03 7.466197712346911430e-04 8.001475362107157707e-04 6.515313289128243923e-04
8.388570859096944332e-04 1.284062280319631100e-03 6.435823161154985428e-04 1.461367588490247726e-03 5.932321306318044662e-03 1.461576204746961594e-02 1.195315504446625710e-03 6.333636119961738586e-04 1.016524271108210087e-03 8.517505526542663574e-01
2.243632334284484386e-04 5.366032719612121582e-01 3.754356503486633301e-02 1.318411808460950851e-02 1.393570657819509506e-02 4.353452939540147781e-03 3.047412727028131485e-03 6.504208315163850784e-03 1.056287065148353577e-02 2.069115638732910156e-03
9.563543717376887798e-04 2.762154042720794678e-01 2.332441945327445865e-04 7.438749307766556740e-04 3.142440109513700008e-04 2.002449327846989036e-04 1.285774633288383484e-04 1.293204259127378464e-04 6.449884735047817230e-03 2.525301184505224228e-03
1.228509098291397095e-02 2.568964846432209015e-02 3.989144228398799896e-03 1.468013375997543335e-01 3.790163827943615615e-05 2.215173561125993729e-03 3.629461228847503662e-01 1.040176302194595337e-01 4.290309152565896511e-04 2.661571605131030083e-03
3.075058944523334503e-02 6.329617463052272797e-03 4.000040236860513687e-03 1.131908968091011047e-02 1.202095746994018555e-01 2.949661342427134514e-03 4.364922177046537399e-03 9.276477247476577759e-02 1.210286855697631836e+00 1.753681339323520660e-02
4.292575176805257797e-03 1.604464277625083923e-02 1.113928295671939850e-02 1.554680784465745091e-04 2.937131794169545174e-04 1.360413734801113605e-03 2.329039416508749127e-04 1.674202643334865570e-02 2.535854000598192215e-04 3.598583340644836426e-01
6.026000902056694031e-02 1.542436773888766766e-03 5.596552509814500809e-04 2.275655424455180764e-04 8.942783460952341557e-05 2.658653829712420702e-04 1.065945180016569793e-04 3.284296691417694092e-01 1.779568265192210674e-04 2.257482992717996240e-04
4.004042595624923706e-02 5.340916104614734650e-04 1.652695937082171440e-03 7.752625242574140429e-05 5.240188329480588436e-04 3.161990642547607422e-02 2.454562671482563019e-02 1.409461259841918945e+00 4.045110545121133327e-04 1.837909367168322206e-04
1.402522670105099678e-03 1.429501025995705277e-05 2.675714669749140739e-03 1.500524376751855016e-05 7.101928349584341049e-05 2.067175955744460225e-04 1.904648670461028814e-04 9.349564462900161743e-02 1.010250416584312916e-03 1.409627380780875683e-03
3.556982846930623055e-04 8.209974169731140137e-01 5.021895747631788254e-03 7.614544301759451628e-05 3.962649032473564148e-03 1.907634781673550606e-03 4.119003191590309143e-02 2.437446266412734985e-03 6.309579475782811642e-05 6.148525513708591461e-03
1.010927226161584258e-04 1.090377685613930225e-03 2.818434440996497869e-04 4.471371416002511978e-03 8.051922486629337072e-05 7.492830627597868443e-05 3.712394973263144493e-04 1.320704966783523560e-01 1.338017173111438751e-02 1.450374984415248036e-04
3.530097380280494690e-02 1.622093026526272297e-03 1.861564582213759422e-03 1.610510167665779591e-03 2.125438535585999489e-03 1.713366713374853134e-03 9.866610169410705566e-01 3.033257380593568087e-04 6.166447885334491730e-03 8.035334176383912563e-04
3.614310547709465027e-02 4.574929364025592804e-03 4.841325062443502247e-05 7.854052091715857387e-05 6.025457878422457725e-06 5.193751712795346975e-05 4.939947742968797684e-03 6.911737273185281083e-06 7.448926226061303169e-06 5.028126179240643978e-05
3.403497161343693733e-03 1.375096966512501240e-03 3.382243448868393898e-04 1.494614174589514732e-03 5.972435701551148668e-06 4.164758604019880295e-03 1.257298663404071704e-05 1.892626751214265823e-03 1.810695789754390717e-02 1.711483597755432129e-01
2.304299996467307210e-04 4.108220338821411133e-02 2.307639569044113159e-01 2.728316374123096466e-02 4.201639967504888773e-04 3.805949911475181580e-02 1.669626450166106224e-03 4.008918185718357563e-04 4.290138185024261475e-02 5.944769363850355148e-03
4.743538447655737400e-04 4.475447931326925755e-04 6.287521217018365860e-03 4.680108278989791870e-03 8.390800952911376953e-01 1.266572773456573486e-01 9.593938291072845459e-02 4.033972974866628647e-03 2.047601854428648949e-03 3.731466131284832954e-04
4.303710593376308680e-04 2.522330963984131813e-03 1.627826713956892490e-03 4.390023241285234690e-04 9.365700534544885159e-04 2.837245762348175049e-01 5.866657011210918427e-04 1.004831772297620773e-02 4.201479896437376738e-04 4.966829437762498856e-04
5.166336195543408394e-04 1.226327180862426758e+00 2.817373536527156830e-02 1.208691610372625291e-04 1.197383389808237553e-03 4.029935225844383240e-04 1.818184391595423222e-03 1.438003964722156525e-04 2.156277187168598175e-03 1.328824000665917993e-04
6.279697408899664879e-04 6.057801656424999237e-04 5.081358831375837326e-04 4.179358948022127151e-04 3.963123308494687080e-04 3.931776154786348343e-04 6.330367759801447392e-04 6.268183351494371891e-04 1.417747233062982559e-03 6.678602658212184906e-04
5.043020937591791153e-04 1.837040472310036421e-04 2.446682192385196686e-03 2.848317963071167469e-04 3.518358105793595314e-03 1.834566792240366340e-04 1.253021955490112305e+00 2.017323859035968781e-02 1.346826029475778341e-04 4.319431260228157043e-03
1.559194206492975354e-04 6.584828224731609225e-05 5.837188218720257282e-04 1.414455007761716843e-03 2.202251553535461426e-02 4.248689219821244478e-04 1.335771870799362659e-03 1.288750171661376953e-01 2.148909028619527817e-03 1.906194910407066345e-02
1.782385515980422497e-03 3.835601382888853550e-04 5.365831893868744373e-04 7.267418503761291504e-01 1.623059436678886414e-02 1.770800212398171425e-03 1.815243391320109367e-03 6.419403362087905407e-04 1.815829891711473465e-03 1.790334237739443779e-03
1.995703391730785370e-02 1.971758902072906494e-04 9.715009946376085281e-04 1.339852169621735811e-04 4.402743652462959290e-04 1.761053800582885742e-01 4.690113710239529610e-04 1.151392236351966858e-03 1.841580308973789215e-02 1.365549862384796143e-03
2.838652813807129860e-03 4.661930142901837826e-05 1.009177765808999538e-03 1.657669665291905403e-03 2.406778186559677124e-01 2.563862362876534462e-03 4.959960351698100567e-04 2.057297388091683388e-03 5.418545007705688477e-02 5.153144011273980141e-04
3.502885228954255581e-04 3.660668153315782547e-05 4.630842158803716302e-05 1.277587143704295158e-03 2.604005749162752181e-05 1.463283784687519073e-03 3.322708606719970703e-02 4.276807885617017746e-05 1.030701751005835831e-04 6.370457413140684366e-05
3.736939281225204468e-03 8.743325015529990196e-04 2.265752665698528290e-02 2.089774981141090393e-02 6.582099013030529022e-03 4.481758922338485718e-02 2.745157340541481972e-03 1.192561117932200432e-03 8.634542226791381836e-01 1.758827362209558487e-03
4.170092288404703140e-04 6.843548268079757690e-02 5.398375651566311717e-05 3.743549110367894173e-03 7.834869436919689178e-03 1.034147385507822037e-02 6.309964373940601945e-05 8.798563067102804780e-05 3.667084965854883194e-04 5.220969915390014648e-01
1.926642726175487041e-03 2.348631806671619415e-02 1.006008591502904892e-02 2.098145429044961929e-03 1.827012933790683746e-02 1.391686615534126759e-03 1.877585542388260365e-03 1.653979881666600704e-03 2.945718821138143539e-03 4.430529475212097168e-01
5.375427426770329475e-04 2.761972136795520782e-03 9.612502902746200562e-02 5.783578157424926758e-01 3.694255719892680645e-04 8.510627085343003273e-04 2.747568767517805099e-03 4.217659006826579571e-04 2.211022423580288887e-03 7.858423516154289246e-03
9.211249998770654202e-04 1.811475493013858795e-02 9.545659850118681788e-05 3.218674287199974060e-02 1.528145512565970421e-04 6.728228181600570679e-03 1.214390867971815169e-04 1.236203359439969063e-03 8.953117066994309425e-04 1.579210042953491211e+00
1.629360951483249664e-03 3.753052325919270515e-03 1.425010617822408676e-02 1.290159672498703003e-02 1.219054174725897610e-04 1.094645005650818348e-03 1.464288798160851002e-04 4.547413438558578491e-02 3.114678664132952690e-03 9.241635799407958984e-01
1.506021362729370594e-04 2.448124578222632408e-04 1.734788902103900909e-02 1.516001211712136865e-04 1.497095217928290367e-03 8.790728636085987091e-03 2.822301466949284077e-04 1.806574873626232147e-04 1.812455593608319759e-04 2.955188751220703125e-01
9.555282886140048504e-04 5.940359551459550858e-04 5.185960981179960072e-05 6.909541843924671412e-05 1.207465771585702896e-02 1.617471873760223389e-01 3.189190290868282318e-03 3.435351536609232426e-04 8.620866574347019196e-04 5.238205194473266602e-02
6.002780050039291382e-02 1.469506532885134220e-04 1.629440812394022942e-03 8.525651355739682913e-05 2.216496039181947708e-03 6.276057362556457520e-01 1.148931100033223629e-03 6.824666634202003479e-03 1.863999641500413418e-03 2.632823772728443146e-02
1.370757003314793110e-03 2.517961198464035988e-03 1.452194919693283737e-05 1.222510077059268951e-02 1.345357395621249452e-05 1.346000317425932735e-05 1.106037507270229980e-05 1.848359033465385437e-02 1.373767503537237644e-03 4.169398453086614609e-03
1.106905099004507065e-02 5.363763193599879742e-05 2.723453508224338293e-04 1.601201668381690979e-02 1.729123032419010997e-04 2.980062563437968493e-04 1.735099242068827152e-03 6.965072154998779297e-01 5.379456561058759689e-03 1.862285425886511803e-04
3.601028583943843842e-04 3.576655872166156769e-04 4.059114144183695316e-04 1.390523314476013184e-01 7.429412216879427433e-04 3.385670250281691551e-03 7.424914656439796090e-05 3.146092058159410954e-04 2.674378993106074631e-05 6.163177546113729477e-03
8.058995008468627930e-01 4.090996226295828819e-04 1.233979710377752781e-03 3.771911724470555782e-04 1.121527515351772308e-03 9.814715385437011719e-02 1.060871989466249943e-03 1.476455032825469971e-01 4.673042567446827888e-04 5.875890608876943588e-03
1.035675220191478729e-02 3.118754364550113678e-02 1.100282277911901474e-02 4.115654446650296450e-04 1.472554868087172508e-03 3.450868534855544567e-04 1.628548279404640198e-02 8.356005698442459106e-02 1.295582391321659088e-03 2.563592279329895973e-04
4.800936731044203043e-04 3.712591933435760438e-06 9.338386348645144608e-07 5.187886999920010567e-04 7.459272746928036213e-04 4.601418368110898882e-06 3.284319518570555374e-06 3.599222281991387717e-06 2.493665379006415606e-04 1.384756434708833694e-02
1.936258195200935006e-04 2.984370803460478783e-04 3.353373031131923199e-04 1.951310411095619202e-02 6.992454291321337223e-04 3.646146506071090698e-03 2.163660392398014665e-04 1.938360655913129449e-04 3.972659178543835878e-04 7.742032175883650780e-04
2.851146564353257418e-04 2.357486868277192116e-03 1.724722096696496010e-03 3.927064535673707724e-04 7.455191807821393013e-04 7.790768519043922424e-03 9.634187817573547363e-02 8.913059718906879425e-03 4.337418824434280396e-03 1.201324630528688431e-04
4.021140557597391307e-05 4.516255855560302734e-01 2.007950330153107643e-03 7.317792915273457766e-05 1.084935036487877369e-03 9.776517981663346291e-04 2.502422830730210990e-05 1.597477705217897892e-03 2.086931606754660606e-03 6.145690713310614228e-05
2.983384532853960991e-03 2.666694577783346176e-03 4.783657845109701157e-03 1.379944005748257041e-04 1.708802155917510390e-04 8.635581471025943756e-03 1.804996165446937084e-03 1.555174142122268677e-01 9.350705891847610474e-03 1.582522061653435230e-03
2.002382534556090832e-04 8.330250857397913933e-04 1.328728831140324473e-04 1.237457036040723324e-03 4.421225283294916153e-03 8.403942920267581940e-04 8.900335989892482758e-03 1.059740316122770309e-02 1.392541170120239258e+00 1.319756382144987583e-03
1.094355713576078415e-03 9.573190618539229035e-05 9.379375114804133773e-05 7.003689534030854702e-04 2.812598086893558502e-02 2.106838161125779152e-03 4.089446738362312317e-02 6.961309700272977352e-04 5.012846086174249649e-04 1.221262500621378422e-04
4.120469465851783752e-02 4.824587085749953985e-04 3.068106525461189449e-05 6.051181117072701454e-06 2.534809464123100042e-04 4.100624937564134598e-04 7.686919161642435938e-06 8.101347339106723666e-05 2.660614263731986284e-04 9.722922186483629048e-06
6.492030024674022570e-06 3.205252869520336390e-04 5.385570600628852844e-02 9.394888911629095674e-05 8.094371878542006016e-06 5.857934593223035336e-05 6.220919203769881278e-06 1.113476610044017434e-04 6.319230305962264538e-04 6.483238656073808670e-03
3.114531747996807098e-02 9.168984368443489075e-03 9.887871419778093696e-05 9.169017721433192492e-05 5.705249495804309845e-04 4.415032565593719482e-01 5.795186385512351990e-03 1.192647323478013277e-04 8.603635244071483612e-03 7.112856209278106689e-02
9.508219547569751740e-03 8.988248184323310852e-03 7.696194807067513466e-04 2.694122120738029480e-02 1.408389885909855366e-03 4.703029990196228027e-03 6.348482333123683929e-03 3.865328617393970490e-04 3.760725376196205616e-04 8.576362729072570801e-01
1.513738970970734954e-04 9.015756222652271390e-05 1.671265065670013428e-01 4.464893208933062851e-05 4.970031659468077123e-05 3.859073622152209282e-04 2.089481422444805503e-04 1.322474272456020117e-04 9.359168470837175846e-04 5.053621716797351837e-04
1.139017171226441860e-03 8.492100751027464867e-04 7.204076973721385002e-04 8.190152002498507500e-04 2.752761542797088623e-02 8.707438828423619270e-04 1.150183565914630890e-02 6.961259641684591770e-04 7.774185505695641041e-04 9.339716634713113308e-04
8.266452932730317116e-04 1.102648093365132809e-03 9.438875131309032440e-04 5.174343823455274105e-04 1.850656582973897457e-03 6.028031464666128159e-03 5.302394628524780273e-01 7.492215372622013092e-04 1.143138506449759007e-03 4.158936499152332544e-04
2.933875620365142822e-01 9.946455247700214386e-03 6.699637160636484623e-04 2.105274237692356110e-03 5.688506280421279371e-05 5.291777779348194599e-04 1.463500550016760826e-03 1.167293288744986057e-03 7.244453299790620804e-04 5.468053859658539295e-04
9.737728396430611610e-05 1.452862401492893696e-03 1.669105375185608864e-03 5.901613272726535797e-03 1.300215441733598709e-02 4.520345464698038995e-05 5.883324146270751953e-01 1.626168726943433285e-03 4.200815223157405853e-03 1.211696799146011472e-04
2.577632840257138014e-04 4.129154258407652378e-04 4.534719118964858353e-05 2.330162795260548592e-03 4.422444180818274617e-05 2.243906346848234534e-04 2.613883589219767600e-05 1.157413497567176819e-01 7.520291255787014961e-04 2.365329070016741753e-03
7.058185525238513947e-03 3.304414823651313782e-02 1.845158054493367672e-03 3.118521766737103462e-03 1.899483177112415433e-04 1.836294395616278052e-04 1.347684860229492188e+00 5.429952871054410934e-04 2.117815660312771797e-03 7.310458458960056305e-04
6.785862933611497283e-05 8.245313074439764023e-05 4.568929580273106694e-05 2.752678096294403076e-02 1.158161205239593983e-03 7.093042600899934769e-03 1.326961675658822060e-03 5.940760485827922821e-03 1.610756814479827881e-01 6.111693073762580752e-05
1.925979158841073513e-04 1.759782026056200266e-04 1.976284111151471734e-04 6.059869774617254734e-04 2.171912346966564655e-04 1.713191159069538116e-04 1.311486412305384874e-04 1.288824807852506638e-02 1.865658996393904090e-04 3.092012484557926655e-04
3.939687740057706833e-03 1.475758501328527927e-03 1.071173581294715405e-03 1.772747491486370564e-03 8.149885572493076324e-03 5.488000810146331787e-03 1.250641653314232826e-03 5.482525378465652466e-02 1.237441669218242168e-03 2.793519794940948486e-01
4.708238877356052399e-03 4.177981987595558167e-03 2.837993204593658447e-03 7.726328819990158081e-02 1.017105416394770145e-03 3.923126496374607086e-03 9.887260794639587402e-01 1.604333706200122833e-02 5.790464347228407860e-04 2.489843172952532768e-03
1.439784973626956344e-04 5.003685504198074341e-02 6.934829354286193848e-01 1.004475343506783247e-04 2.690088469535112381e-03 9.706882410682737827e-04 1.393822749378159642e-04 9.749068995006382465e-04 6.042236927896738052e-04 9.605288505554199219e-05
8.430261164903640747e-03 1.635894179344177246e-01 5.928646351094357669e-05 2.473290823400020599e-02 9.008628316223621368e-03 4.334749974077567458e-05 3.705620020627975464e-02 2.082033548504114151e-03 9.955900895874947309e-05 8.538935217075049877e-04
1.509792855358682573e-05 2.949119334516581148e-05 1.967920070455875248e-05 4.634006472770124674e-06 2.139010839164257050e-02 2.169446815969422460e-05 7.565962278022198007e-06 2.439968986436724663e-03 1.779835474735591561e-05 1.836387236835435033e-04
2.238539978861808777e-03 1.133608669042587280e-01 3.859870776068419218e-05 8.025643910514190793e-05 3.679679241031408310e-03 2.991914698213804513e-05 6.683791279792785645e-01 2.138484269380569458e-04 6.425792723894119263e-02 3.469492367003113031e-05
1.346645003650337458e-04 2.397155761718750000e-02 1.218900457024574280e-01 1.044559292495250702e-03 1.681566238403320312e-02 1.985587732633575797e-05 3.918571746908128262e-05 2.295049853273667395e-05 3.542866761563345790e-05 1.370691315969452262e-04
6.221501098480075598e-05 7.656401395797729492e-01 6.712132133543491364e-03 4.005732014775276184e-03 1.826893538236618042e-02 3.215992182958871126e-04 1.012661457061767578e-01 8.000677917152643204e-05 5.517728277482092381e-05 4.090471775270998478e-04
5.270442366600036621e-01 9.318090742453932762e-04 8.095882949419319630e-04 8.905970389605499804e-06 3.227905835956335068e-03 3.198174759745597839e-02 1.668501994572579861e-03 3.865301143378019333e-03 5.757660255767405033e-04 8.532921783626079559e-03
7.765766349621117115e-05 9.217982296831905842e-04 2.398012156845652498e-06 8.295948646264150739e-05 1.088335760869085789e-03 2.419334487058222294e-04 4.843948045163415372e-05 8.178580552339553833e-02 9.891852969303727150e-04 3.467672213446348906e-04
2.483220014255493879e-04 2.294385060667991638e-02 7.980347436387091875e-05 6.844204472145065665e-05 3.654989413917064667e-04 5.939547918387688696e-06 6.128334462118800730e-06 5.599067299044691026e-05 8.994827658170834184e-05 1.205547526478767395e-01
2.681871876120567322e-03 2.236965810880064964e-03 2.834624843671917915e-03 3.628218173980712891e-02 8.818528801202774048e-02 1.200221595354378223e-03 1.909949001856148243e-03 6.895792670547962189e-03 4.665446002036333084e-03 2.878303825855255127e-01
2.284800575580447912e-04 6.121714250184595585e-05 2.283382462337613106e-03 3.829490378848277032e-05 1.495840697316452861e-04 3.381108399480581284e-04 2.703316509723663330e-01 2.434772998094558716e-02 1.226057356689125299e-04 1.166386355180293322e-04
1.055315360426902771e-01 1.658724970184266567e-03 1.132200821302831173e-03 3.301912918686866760e-02 2.724780642893165350e-04 1.214813441038131714e-03 3.037168271839618683e-02 6.058338284492492676e-01 2.980086952447891235e-03 2.990828827023506165e-02
5.833440423011779785e-01 5.967034026980400085e-03 3.193962853401899338e-03 3.273906186223030090e-04 1.748099341057240963e-03 9.173776488751173019e-04 2.215484715998172760e-02 5.751236155629158020e-02 5.004706326872110367e-04 3.943988122045993805e-04
1.528584584593772888e-02 2.165282639907673001e-04 1.140744934673421085e-04 1.295948604820296168e-04 1.112467289203777909e-04 1.317534770350903273e-04 9.946287900675088167e-05 6.529337167739868164e-02 9.679263166617602110e-05 9.313986811321228743e-05
2.795622640405781567e-05 8.775082278589252383e-06 7.104570249794051051e-05 8.314321348734665662e-06 5.126158612256404012e-06 8.943002285377588123e-06 1.097012864192947745e-05 1.533333398401737213e-02 1.170520298182964325e-02 8.427463399129919708e-06
1.194151773233897984e-04 1.607452053576707840e-03 4.088214191142469645e-04 4.086380649823695421e-04 2.516086096875369549e-04 1.243456499651074409e-03 4.113889299333095551e-03 3.966035728808492422e-04 2.275990247726440430e-01 2.525705145671963692e-03
1.006037741899490356e-02 4.523400217294692993e-03 4.290554788894951344e-04 6.711520254611968994e-03 7.530349493026733398e-02 6.201466321945190430e-01 8.383854292333126068e-04 6.062050815671682358e-04 6.078591104596853256e-04 3.015834590769372880e-05
1.698639616370201111e-02 5.389962717890739441e-02 5.184840410947799683e-04 3.940001130104064941e-03 2.239989698864519596e-04 1.622785581275820732e-03 5.381711525842547417e-04 5.372407031245529652e-04 5.525208711624145508e-01 3.257542848587036133e-04
3.558080410584807396e-03 1.418087049387395382e-03 2.403963506221771240e-01 5.393883329816162586e-04 1.082569733262062073e-02 7.071187254041433334e-03 6.295365747064352036e-03 5.943738389760255814e-03 1.358573324978351593e-02 5.774405435658991337e-04
2.177200076403096318e-04 2.219852904090657830e-04 6.556088337674736977e-04 1.789069356163963675e-04 1.424102229066193104e-04 1.146779832197353244e-04 3.754306817427277565e-04 1.688903721515089273e-04 1.106466224882751703e-04 2.302226639585569501e-04
6.801353883929550648e-04 1.197431818582117558e-03 1.449513016268610954e-03 1.785149127244949341e-01 1.754255732521414757e-03 2.787511944770812988e-01 2.177783753722906113e-03 2.656464930623769760e-03 4.501307383179664612e-02 8.868891745805740356e-04
1.313494285568594933e-03 6.166558014228940010e-04 1.414914056658744812e-02 2.937470271717756987e-04 1.025330543518066406e+00 1.607142039574682713e-03 1.850377069786190987e-03 5.094906664453446865e-04 4.018646664917469025e-03 2.034989930689334869e-02
3.534560964908450842e-04 4.093392053619027138e-04 2.029470354318618774e-01 1.141228058259002864e-04 1.002737262751907110e-04 1.279284042539075017e-04 1.784879132173955441e-04 5.275876173982396722e-05 2.178953000111505389e-04 5.366526238503865898e-05
8.665325120091438293e-03 2.706346102058887482e-03 3.347049281001091003e-02 5.072293337434530258e-03 3.455227997619658709e-04 2.287819515913724899e-03 1.343928873538970947e-01 1.532130292616784573e-03 9.292482864111661911e-04 9.517370164394378662e-02
2.837193733284948394e-06 4.696036739915143698e-06 5.598645293503068388e-05 1.931925944518297911e-04 4.046835377812385559e-02 3.701643072417937219e-05 5.949588285147910938e-06 6.116934237070381641e-04 9.654464520281180739e-05 3.506243274387088604e-06
5.017237854190170765e-04 1.463992986828088760e-03 2.715865557547658682e-04 1.387512427754700184e-03 1.484998967498540878e-03 2.581516746431589127e-04 5.985917523503303528e-04 1.650478392839431763e-01 1.820742763811722398e-04 1.657928712666034698e-02
1.745245885103940964e-03 2.461540745571255684e-03 1.763392239809036255e-02 4.276872277259826660e-01 1.684445422142744064e-03 2.776324562728404999e-02 1.681351335719227791e-03 4.695391748100519180e-03 1.062222290784120560e-02 2.329353941604495049e-03
5.353092565201222897e-04 6.109245121479034424e-03 1.868962193839251995e-03 4.382657352834939957e-03 3.728235315065830946e-04 6.606768351048231125e-03 8.651660755276679993e-03 1.487956033088266850e-03 2.984325401484966278e-04 2.161439333576709032e-04
3.344130935147404671e-03 3.263207618147134781e-03 4.851919412612915039e-02 1.805369392968714237e-03 5.012024194002151489e-03 6.628954317420721054e-03 6.673582196235656738e-01 2.321957843378186226e-03 6.208995357155799866e-03 2.009009197354316711e-02
1.755407810211181641e+00 2.237640880048274994e-02 1.729497802443802357e-03 2.106267347699031234e-04 6.525880657136440277e-03 1.364375231787562370e-03 1.391086354851722717e-02 2.263855421915650368e-03 2.015529200434684753e-02 2.954012015834450722e-04
8.181586861610412598e-03 2.922553976532071829e-04 1.320469164056703448e-04 1.279098261147737503e-02 1.379165187245234847e-04 9.856013639364391565e-05 8.647552691400051117e-03 1.888424740172922611e-04 2.402206063270568848e-01 6.133334245532751083e-03
3.505364293232560158e-04 8.275141008198261261e-04 2.231436548754572868e-03 2.071956843137741089e-01 6.611016392707824707e-01 9.072704706341028214e-04 4.524432297330349684e-04 3.402412985451519489e-04 1.901843398809432983e-02 1.118044834583997726e-02
5.453910562209784985e-04 7.156053185462951660e-01 9.564932406647130847e-05 1.040178030962124467e-04 5.250236392021179199e-02 5.305185448378324509e-03 7.047367747873067856e-03 2.707766543608158827e-04 2.590084215626120567e-03 2.807934954762458801e-02
