2.479366492480039597e-03 3.589550760807469487e-05 2.787699631880968809e-04 3.449022187851369381e-05 3.049984297831542790e-05 2.309531118953600526e-04 1.380176935344934464e-02 8.396772295236587524e-02 1.520165521651506424e-02 5.460924585349857807e-04
2.098961122101172805e-04 1.136468630284070969e-02 1.763528125593438745e-04 2.299185871379449964e-04 8.442142279818654060e-05 1.022932847263291478e-04 1.050784921972081065e-04 1.497097982792183757e-04 2.053382486337795854e-04 1.107475400203838944e-04
1.864697514974977821e-05 1.406822055578231812e-01 3.895645029842853546e-03 1.736295671435073018e-04 2.659782148839440197e-05 1.898058573715388775e-03 1.297279959544539452e-03 1.548234577057883143e-04 2.011980162933468819e-03 2.405309533060062677e-05
5.556421354413032532e-02 3.889920772053301334e-04 1.610767096281051636e-03 8.970578201115131378e-04 9.223900633514858782e-06 1.286346287088235840e-05 2.208186488132923841e-04 1.306036487221717834e-03 3.104156348854303360e-03 8.089756192930508405e-06
1.634180516703054309e-04 1.592042535776272416e-04 1.301008160226047039e-04 8.706599328434094787e-05 1.821439072955399752e-04 8.676337893120944500e-05 1.934883330250158906e-04 1.303898729383945465e-02 1.772463583620265126e-04 1.882545329863205552e-04
8.540315553545951843e-03 6.690580630674958229e-04 6.690534204244613647e-02 4.774111788719892502e-03 3.183586522936820984e-03 3.500113487243652344e-01 1.591139100492000580e-02 4.942218307405710220e-03 1.166134793311357498e-02 3.394739935174584389e-03
5.993344238959252834e-04 1.022306751110590994e-04 4.088371933903545141e-04 4.972356837242841721e-04 4.785184573847800493e-04 2.773065119981765747e-02 7.133881445042788982e-04 2.260192704852670431e-04 1.545719206333160400e-01 2.263030764879658818e-04
2.329773455858230591e-01 7.403207127936184406e-04 8.886989671736955643e-04 5.676042754203081131e-03 1.095920335501432419e-03 6.450756336562335491e-04 6.128211971372365952e-04 5.216931458562612534e-03 6.580157787539064884e-04 2.032292308285832405e-03
1.678889733739197254e-03 7.574963569641113281e-02 4.065338522195816040e-03 5.310722190188243985e-05 1.563178557262290269e-05 1.828425563871860504e-03 1.442717257305048406e-05 8.467987063340842724e-04 2.535896608605980873e-03 3.517388366162776947e-03
2.923392318189144135e-02 2.249836834380403161e-04 1.698256091913208365e-04 1.994956983253359795e-03 3.128377953544259071e-03 2.823441522195935249e-03 1.487864210503175855e-04 5.643880739808082581e-02 4.770386815071105957e-01 2.491090912371873856e-03
1.304368972778320312e+00 3.607181366533041000e-03 3.148287069052457809e-03 7.070901338011026382e-03 2.000436652451753616e-03 2.765140961855649948e-04 7.025294937193393707e-03 2.231594640761613846e-03 3.795962256845086813e-04 1.082505062222480774e-01
4.877775534987449646e-02 4.299755091778934002e-04 5.456726532429456711e-03 2.476591849699616432e-03 1.455534802516922355e-04 4.454275185707956553e-04 1.232890354003757238e-04 2.253158017992973328e-04 1.822564954636618495e-04 1.474548771511763334e-04
2.145747857866808772e-04 1.136762797832489014e-01 3.355402126908302307e-02 5.860002056579105556e-05 7.222760177683085203e-05 1.685745228314772248e-04 7.353231194429099560e-05 2.753252862021327019e-03 2.253207494504749775e-04 2.036264399066567421e-03
9.194980375468730927e-04 1.722113462164998055e-03 3.067678771913051605e-04 1.147200586274266243e-03 5.993675440549850464e-02 1.912115700542926788e-02 3.647127014119178057e-04 2.771689556539058685e-02 4.276667255908250809e-03 1.296535949222743511e-03
3.562353958841413260e-04 3.888325409207027406e-06 9.670549072325229645e-03 3.841633442789316177e-04 1.640523009882599581e-06 1.596260403857741039e-06 9.647709475757437758e-07 5.483068434841698036e-06 3.740867896340205334e-06 3.024998819455504417e-03
4.038376209791749716e-05 6.528262048959732056e-02 7.999587687663733959e-04 1.091757949325256050e-04 2.389572001993656158e-02 1.112172845751047134e-02 7.428597193211317062e-03 1.775079220533370972e-02 3.314589048386551440e-05 6.256033480167388916e-02
7.709133569733239710e-06 1.813145354390144348e-04 2.608666363812517375e-05 4.160299897193908691e-03 2.310344825673382729e-05 1.961641282832715660e-05 3.190019924659281969e-05 8.871165919117629528e-04 2.436520844639744610e-05 2.600292488932609558e-02
1.781853788997977972e-04 1.353057887172326446e-04 5.214424454607069492e-04 1.489130227128043771e-04 1.460615458199754357e-04 1.336995628662407398e-04 2.893703931476920843e-04 1.311631494900211692e-04 1.391789119224995375e-04 1.969708682736381888e-04
4.351041127392818453e-07 1.119757030210166704e-06 1.367207187286112458e-05 1.565865568409208208e-05 4.774993840328534134e-07 4.145082641571207205e-07 2.606227099022362381e-05 4.729636944830417633e-03 1.678020453255157918e-05 1.762398984283208847e-03
1.668357551097869873e-01 1.824681239668279886e-04 7.112623279681429267e-05 6.772829510737210512e-05 1.614321081433445215e-04 1.619054091861471534e-04 2.242631308035925031e-04 1.782752951839938760e-04 1.220703707076609135e-04 1.870697364211082458e-03
6.724773356836521998e-06 6.371860392391681671e-03 6.494754870800534263e-06 4.829441968468017876e-05 1.604082967787689995e-06 5.087414383888244629e-02 4.079495920450426638e-05 2.294935984537005424e-05 2.548029005993157625e-04 2.229133388027548790e-04
3.933397121727466583e-03 8.013147860765457153e-03 5.298153758049011230e-01 9.327988140285015106e-03 4.713249509222805500e-04 2.878792874980717897e-04 1.111693028360605240e-02 2.783726435154676437e-03 1.188681274652481079e-02 1.079201116226613522e-03
1.663287912379018962e-05 1.291917942580766976e-05 8.203737525036558509e-05 3.686381131410598755e-02 4.149755463004112244e-03 1.660644375078845769e-05 5.598745774477720261e-04 1.328677171841263771e-05 2.982434125442523509e-05 1.147567127190995961e-05
2.581918088253587484e-04 4.414788447320461273e-03 3.708732780069112778e-03 1.171910786069929600e-03 1.184583175927400589e-03 1.202439889311790466e-03 3.816349199041724205e-04 1.601042342372238636e-03 5.842040627612732351e-05 3.013329207897186279e-01
1.019125282764434814e-01 4.266313742846250534e-03 1.967827090993523598e-03 1.210505142807960510e-03 4.813954728888347745e-05 1.267159357666969299e-03 2.036887599388137460e-04 9.750574827194213867e-03 1.637981273233890533e-03 1.668858109042048454e-03
2.231911057606339455e-04 6.430772691965103149e-02 1.837664516642689705e-03 4.386452026665210724e-03 9.496914572082459927e-04 2.012508455663919449e-03 4.158951342105865479e-02 5.064465221948921680e-04 3.083182673435658216e-04 3.156166349072009325e-04
1.222042646259069443e-02 1.196074445033445954e-04 1.649462647037580609e-04 8.240922397817485034e-06 2.262804046040400863e-04 1.789101362228393555e-01 7.156045739975525066e-06 1.747249334584921598e-04 9.258603677153587341e-05 8.438801160082221031e-05
2.215833403170108795e-03 3.522705053910613060e-03 1.709719188511371613e-03 3.935400247573852539e-01 4.060370265506207943e-04 5.159067735075950623e-02 1.373154204338788986e-02 4.201277333777397871e-04 3.132858313620090485e-03 7.410352700389921665e-04
3.754276258405297995e-04 7.213778793811798096e-02 3.503199259284883738e-04 4.957629716955125332e-04 5.743857036577537656e-05 7.733125239610671997e-03 2.290192060172557831e-03 4.389569949125871062e-05 3.532037080731242895e-04 3.981239162385463715e-03
2.126152103301137686e-04 1.161274500191211700e-02 1.403096946887671947e-03 1.621439587324857712e-04 3.960121466661803424e-05 3.095847787335515022e-04 9.873488452285528183e-04 1.699569225311279297e-01 1.531658135354518890e-02 9.836856042966246605e-04
2.215032279491424561e-01 1.600066461833193898e-04 1.455302990507334471e-04 1.296259597438620403e-05 5.304233636707067490e-04 1.593948836671188474e-04 9.427250915905460715e-05 2.946037426590919495e-02 9.884025348583236337e-05 2.315798483323305845e-04
2.702784026041626930e-03 2.072300761938095093e-02 3.051210660487413406e-04 2.690904657356441021e-04 3.196386992931365967e-01 3.417879343032836914e-04 3.421595320105552673e-02 2.603061310946941376e-02 7.456075982190668583e-04 2.981244586408138275e-03
6.263345858315005898e-05 1.610408071428537369e-03 8.464705751975998282e-05 3.034229157492518425e-03 1.058660168200731277e-02 3.972808772232383490e-04 9.937370195984840393e-03 3.367125242948532104e-02 8.926024660468101501e-03 3.342453539371490479e-01
5.109368357807397842e-04 2.807189710438251495e-02 5.234276177361607552e-04 1.333521096967160702e-03 4.588421434164047241e-03 5.596355069428682327e-03 2.329938858747482300e-02 3.648900985717773438e-01 4.686074797064065933e-03 9.242733940482139587e-03
1.523059159517288208e-01 1.550088543444871902e-02 9.122199844568967819e-04 2.634075237438082695e-03 1.674619416007772088e-04 2.328796079382300377e-03 7.139229681342840195e-03 1.037861686199903488e-03 1.272598397918045521e-03 3.731418109964579344e-04
2.549435943365097046e-03 2.490618790034204721e-04 2.691843081265687943e-03 7.228589653968811035e-01 6.485225749202072620e-04 8.372079173568636179e-05 1.462541986256837845e-03 2.610264637041836977e-04 1.322769676335155964e-03 9.741760004544630647e-05
4.487301688641309738e-03 4.636148456484079361e-03 2.970864588860422373e-04 3.351517319679260254e-01 1.679297722876071930e-02 4.106374108232557774e-04 2.733272034674882889e-03 5.046918522566556931e-04 2.627267676871269941e-04 4.178596136625856161e-04
8.077466627582907677e-04 3.665272670332342386e-04 5.956303328275680542e-02 9.059114963747560978e-04 5.826056076330132782e-05 9.034880349645391107e-05 5.440818495117127895e-05 4.981852544005960226e-05 1.196650464407866821e-05 6.817998946644365788e-04
5.342167696653632447e-06 1.224624975293409079e-05 1.060970316757448018e-05 9.850619733333587646e-02 5.151338427822338417e-06 1.686492760200053453e-04 1.191129558719694614e-05 3.402383881621062756e-04 4.448710569704417139e-06 9.422289622307289392e-06
7.145595736801624298e-04 3.704855591058731079e-02 2.076591849327087402e-01 7.658798131160438061e-04 7.215563091449439526e-04 5.569094792008399963e-03 6.955469399690628052e-02 3.758166218176484108e-03 8.356342441402375698e-04 7.090281578712165356e-04
2.475492146913893521e-05 8.583449925936292857e-06 1.016211172100156546e-06 1.249307297257473692e-05 1.020062882162164897e-06 1.181254992843605578e-05 4.832802005694247782e-06 7.712981896474957466e-04 1.217003725469112396e-02 2.170837615267373621e-05
3.957433364121243358e-05 3.828144399449229240e-04 9.531071037054061890e-02 6.398744881153106689e-03 1.069193604052998126e-05 5.070079714641906321e-05 2.934927819296717644e-03 5.263857892714440823e-04 3.364302101545035839e-04 3.840437566395848989e-04
1.028375625610351562e-01 4.811513281310908496e-05 2.407239480817224830e-05 1.582954973855521530e-05 1.290448417421430349e-04 1.257596444338560104e-02 1.400284781993832439e-05 5.212492760620079935e-05 6.307034345809370279e-05 1.944598261616192758e-05
1.867736456915736198e-03 1.001530140638351440e-02 3.195436671376228333e-03 3.683736026287078857e-01 4.540850059129297733e-04 4.197674206807278097e-05 6.459459837060421705e-05 9.815777884796261787e-04 6.331107579171657562e-04 4.748081788420677185e-03
2.369136782363057137e-04 2.171147847548127174e-03 7.134062470868229866e-04 3.003417805302888155e-04 1.253585889935493469e-02 1.976182870566844940e-02 1.685224007815122604e-03 8.885288983583450317e-02 1.232009613886475563e-03 7.462865673005580902e-03
7.299126991711091250e-07 2.170833613490685821e-04 8.360975130017322954e-07 4.793404968950198963e-06 3.752398242795607075e-06 9.670392610132694244e-03 2.308712828380521387e-05 3.440906539253774099e-06 7.527054985985159874e-04 4.579927008308004588e-06
1.113467440009117126e-01 1.287207560380920768e-04 6.998429307714104652e-04 6.608816911466419697e-04 8.343123772647231817e-05 1.166383735835552216e-03 7.061982760205864906e-04 2.922719810158014297e-03 7.648707833141088486e-04 1.679354696534574032e-03
6.926430796738713980e-05 6.586768722627311945e-05 4.928455018671229482e-05 7.382087642326951027e-05 9.707986464491114020e-06 9.613103429728653282e-06 3.218198617105372250e-05 2.643186689965659752e-06 2.503330506442580372e-06 1.429881993681192398e-02
3.514613199513405561e-04 2.135997638106346130e-03 3.250304237008094788e-02 5.035776272416114807e-02 4.514399543404579163e-02 5.805579712614417076e-05 9.859122801572084427e-04 5.846968665719032288e-02 9.357441449537873268e-04 1.348368823528289795e-01
1.280780532397329807e-03 1.425387151539325714e-02 2.941935963463038206e-04 2.727427519857883453e-02 3.420570632442831993e-03 9.835254604695364833e-05 1.306911814026534557e-03 4.670296609401702881e-01 7.801550673320889473e-04 3.399450564756989479e-03
5.197528516873717308e-04 5.784921086160466075e-05 3.179795341566205025e-03 8.927307208068668842e-04 2.897321581840515137e-01 7.910630665719509125e-05 1.628306112252175808e-03 4.912466974928975105e-04 8.073081262409687042e-03 1.833342248573899269e-03
2.896682999562472105e-04 3.390775062143802643e-03 2.400246157776564360e-04 3.050201630685478449e-04 4.505198739934712648e-04 9.793404024094343185e-04 5.142506561242043972e-04 4.196685738861560822e-03 1.098961941897869110e-02 2.866847813129425049e-02
1.155854079115670174e-05 3.564114376786164939e-05 5.206707492470741272e-02 5.904712248593568802e-03 1.280842661799397320e-05 4.281243891455233097e-04 2.357610901526641101e-05 6.951205432415008545e-03 3.104458664893172681e-05 2.299372135894373059e-05
6.056100130081176758e-03 1.701725268503651023e-04 2.661474536580499262e-05 4.971600719727575779e-05 2.643988409545272589e-05 3.747523878701031208e-04 9.540554310660809278e-05 9.693884290754795074e-03 2.947651591966859996e-05 7.159081287682056427e-03
4.662648425437510014e-04 5.041302065365016460e-04 1.237446349114179611e-02 6.288373377174139023e-03 8.201039236155338585e-06 3.003108722623437643e-04 1.142305245593888685e-05 4.667988047003746033e-03 1.708745112409815192e-04 2.025620788335800171e-01
1.772049581632018089e-04 2.722082717809826136e-04 5.504000931978225708e-03 2.532374346628785133e-04 1.162817236036062241e-03 4.584676027297973633e-01 1.152365189045667648e-02 1.709356158971786499e-02 2.657130593433976173e-03 1.948962211608886719e-01
5.858633085153996944e-05 2.337384794373065233e-04 5.212796168052591383e-05 5.972124563413672149e-05 6.995075091253966093e-05 7.749025098746642470e-05 3.983054557465948164e-05 4.096797783859074116e-05 5.531790520763024688e-05 5.260417674435302615e-05
2.973445589304901659e-05 5.813032039441168308e-04 1.421903958544135094e-03 2.023701235884800553e-04 1.567116123624145985e-05 3.292928522569127381e-05 2.044464647769927979e-01 4.784616467077285051e-04 4.504941171035170555e-04 2.215885615441948175e-05
3.103921934962272644e-02 1.886258483864367008e-03 1.892201136797666550e-03 1.342922041658312082e-04 2.733032451942563057e-04 2.343839034438133240e-02 1.924154348671436310e-03 4.338857717812061310e-03 3.135530743747949600e-03 1.176933292299509048e-03
9.134875290328636765e-05 1.252919082617154345e-05 7.206310692708939314e-05 7.276354153873398900e-05 8.639937266707420349e-03 5.617326125502586365e-03 1.090731821022927761e-04 6.182014942169189453e-01 2.930342452600598335e-04 6.629797553614480421e-06
8.260196045739576221e-05 1.050080079585313797e-02 2.349894260987639427e-03 7.687734614592045546e-05 7.240346167236566544e-05 6.299729575403034687e-04 7.459409534931182861e-03 2.908059977926313877e-04 1.471193390898406506e-04 1.418223232030868530e-02
1.171733019873499870e-04 7.622139155864715576e-02 5.682721166522242129e-05 1.562690740684047341e-04 5.314227746566757560e-05 4.420099867274984717e-05 3.455881262198090553e-03 1.305692549794912338e-02 1.066940749296918511e-04 3.346347148180939257e-05
3.587550250813364983e-03 1.591537002241238952e-04 6.497591675724834204e-05 3.654668980743736029e-04 5.635236739180982113e-04 5.158525109291076660e-01 2.495111199095845222e-03 1.564501202665269375e-03 4.809052625205367804e-04 1.405526651069521904e-03
2.018693447113037109e+00 2.731784188654273748e-04 3.200897481292486191e-04 5.151889054104685783e-04 2.568071940913796425e-04 3.272688772995024920e-04 3.562894125934690237e-04 4.469371342565864325e-04 2.911705814767628908e-04 2.452668249607086182e-01
1.581441238522529602e-02 2.306067198514938354e-01 4.380641257739625871e-05 3.658749919850379229e-04 2.514944935683161020e-05 2.821881025738548487e-05 2.511431230232119560e-04 3.873020759783685207e-04 2.577971480786800385e-02 2.055008430033922195e-03
1.024664652504725382e-05 7.965780241647735238e-06 2.367140768910758197e-05 8.723689825274050236e-04 4.135479927062988281e-01 9.988553756556939334e-06 5.658213631249964237e-04 2.903417589550372213e-05 1.812524715205654502e-05 2.887708069465588778e-05
5.785044655203819275e-02 2.597049169708043337e-04 3.689097138703800738e-05 4.280545545043423772e-05 1.738316786941140890e-04 6.662827217951416969e-05 1.188047081232070923e-01 3.703319234773516655e-03 8.771052234806120396e-04 1.493095769546926022e-03
1.952596241608262062e-03 3.130367258563637733e-04 1.984442205866798759e-04 6.601493805646896362e-04 1.024982035160064697e-01 1.469236158300191164e-04 4.494082531891763210e-04 1.057089585810899734e-02 1.904547400772571564e-02 4.627951129805296659e-04
9.831766365095973015e-04 8.787427941570058465e-05 1.142867654561996460e-01 5.736533057643100619e-05 2.639554440975189209e-04 1.046037883497774601e-03 1.793985366821289062e-01 1.095019164495170116e-03 2.315812930464744568e-02 1.900628325529396534e-03
2.395447882008738816e-05 6.328864488750696182e-03 4.750312427859171294e-07 4.390080721350386739e-05 6.297820800682529807e-05 4.598298062319372548e-07 4.471426109375897795e-07 2.510660306143108755e-05 5.161567969480529428e-05 4.602746912496513687e-07
1.567627652548253536e-03 1.159997191280126572e-04 3.092340230941772461e-01 7.758759893476963043e-04 1.195764270960353315e-04 8.301433263113722205e-05 2.008811337873339653e-03 6.788724567741155624e-04 1.735621714033186436e-03 1.106619648635387421e-02
1.507078286522300914e-05 2.149411375285126269e-05 1.191371848108246922e-04 5.046765727456659079e-05 1.346108329016715288e-04 1.400020391884027049e-05 3.008396306540817022e-04 1.945432995853479952e-05 9.715735912322998047e-02 2.124262755387462676e-05
2.365775173529982567e-03 2.368557732552289963e-03 1.106334198266267776e-02 4.198165144771337509e-03 4.464407451450824738e-03 2.438603341579437256e-01 5.986848380416631699e-03 1.489393319934606552e-02 9.697902714833617210e-04 3.511612117290496826e-01
1.238799304701387882e-03 2.711833803914487362e-04 1.961702655535191298e-04 4.111694544553756714e-02 1.763231237418949604e-03 8.544860611436888576e-05 5.354987829923629761e-02 1.165272109210491180e-02 2.130336612462997437e-01 1.858946343418210745e-04
6.860056600999087095e-05 1.016949172480963171e-04 5.430305027402937412e-04 1.977582542167510837e-05 8.358914405107498169e-03 1.139855703513603657e-05 1.043361044139601290e-04 1.070696744136512280e-04 2.352653973503038287e-05 1.100227291317423806e-05
9.215793397743254900e-06 2.699640113860368729e-03 5.965214222669601440e-04 9.728848189115524292e-02 1.261808257550001144e-02 1.822021840780507773e-05 2.836398925865069032e-05 1.023038839775836095e-05 1.094247680157423019e-03 1.096068299375474453e-04
9.853756055235862732e-03 7.884403457865118980e-04 3.275711496826261282e-04 1.019535819068551064e-03 1.540729403495788574e-02 3.089962759986519814e-03 8.758211042732000351e-04 3.714821860194206238e-02 9.593098657205700874e-04 2.257351065054535866e-03
6.019602878950536251e-04 5.232878538663499057e-05 2.639302692841738462e-05 1.067244783043861389e-01 4.873351645073853433e-05 4.143817932344973087e-04 1.716437873255927116e-05 4.444641308509744704e-05 1.762996180332265794e-05 1.248496209882432595e-05
4.192877677269279957e-04 3.257666528224945068e-02 7.009380497038364410e-04 2.109139114618301392e-01 1.799367251805961132e-03 3.857520176097750664e-03 1.144037349149584770e-03 1.530868612462654710e-04 3.076205728575587273e-03 4.065389279276132584e-03
6.814574589952826500e-04 1.003444939851760864e-02 1.305347075685858727e-03 1.491240545874461532e-04 2.446433305740356445e-01 1.206471002660691738e-03 2.227490767836570740e-04 2.269793039886280894e-04 1.167263180832378566e-04 4.859842883888632059e-04
3.176612663082778454e-04 2.154331840574741364e-02 4.674381576478481293e-03 3.627300029620528221e-04 7.729218923486769199e-04 4.110225127078592777e-04 1.765371561050415039e-01 2.551474026404321194e-04 4.182855191174894571e-04 9.773594886064529419e-02
3.913071122951805592e-05 1.832022704184055328e-02 3.896151611115783453e-04 5.073955398984253407e-04 5.451075412565842271e-05 4.671728610992431641e-02 1.767958514392375946e-03 1.820346951717510819e-04 1.819956378312781453e-04 3.823195584118366241e-05
1.232722657732665539e-03 7.928125858306884766e-01 4.289368807803839445e-04 1.311947312206029892e-02 2.060877345502376556e-02 1.698084524832665920e-04 1.127965166233479977e-03 2.324697125004604459e-04 1.025691744871437550e-03 4.064976237714290619e-04
5.749752162955701351e-04 4.543828312307596207e-03 5.130681092850863934e-04 3.181324899196624756e-01 2.437812974676489830e-03 4.167093429714441299e-03 9.485990740358829498e-03 7.456300081685185432e-04 2.879712916910648346e-02 9.625445818528532982e-04
2.356939512537792325e-04 1.379584864480420947e-04 1.420726039214059711e-04 1.570237363921478391e-04 3.439012216404080391e-04 6.919664447195827961e-04 2.006650756811723113e-04 2.554130041971802711e-04 2.051663905149325728e-04 1.883340737549588084e-04
1.064045727252960205e-02 9.388130158185958862e-03 7.657071575522422791e-03 1.909957453608512878e-02 1.512726186774671078e-03 4.347870349884033203e-01 1.382532413117587566e-03 1.273107249289751053e-03 1.232856651768088341e-03 2.394095296040177345e-03
6.121749174781143665e-05 8.614604666945524514e-06 4.607275332091376185e-05 3.708603908307850361e-04 4.328892752528190613e-02 9.388449252583086491e-04 1.420755125582218170e-02 2.140708093065768480e-04 2.974107337649911642e-04 8.833530046103987843e-06
4.716270486824214458e-04 6.013353122398257256e-04 1.181473417091183364e-04 7.244935035705566406e-01 7.623884826898574829e-03 2.858696691691875458e-02 1.500921440310776234e-03 8.450582390651106834e-05 7.226880552479997277e-05 6.277351081371307373e-02
8.527562022209167480e-05 2.411605417728424072e-02 8.544232696294784546e-05 5.197249629418365657e-05 5.625576595775783062e-04 1.397994928993284702e-03 7.835798169253394008e-05 1.374305635690689087e-01 1.936557055159937590e-05 6.894128397107124329e-03
8.890746976248919964e-04 6.407494947779923677e-05 7.427082164213061333e-05 4.586260183714330196e-05 1.175224406324559823e-05 7.316925330087542534e-04 1.084691484720679000e-05 1.514802128076553345e-01 4.571515310090035200e-04 9.485862683504819870e-04
1.835251023294404149e-04 5.439699627459049225e-03 1.691361539997160435e-04 5.846696905791759491e-03 5.666042491793632507e-02 2.326684189029037952e-04 2.183489268645644188e-04 3.411579236853867769e-04 1.680107379797846079e-04 1.459290215279906988e-04
3.713573732966324314e-07 4.888779585598967969e-07 3.200913170076091774e-07 3.454024977145309094e-07 3.988081971328938380e-07 2.657666868799424265e-07 4.819090463570319116e-05 4.749809647819347447e-07 3.014073968188313302e-07 5.844692699611186981e-03
2.374823998252395540e-05 4.572276884573511779e-05 7.751841621939092875e-06 2.613883589219767600e-05 2.685509098228067160e-04 9.156108717434108257e-06 7.412106242554727942e-06 1.881332536868285388e-05 1.463611697545275092e-04 3.018359839916229248e-02
1.648470351938158274e-04 1.932335495948791504e-01 5.074733417131938040e-05 5.041041731601580977e-05 6.077349826227873564e-05 6.374168879119679332e-05 4.504848766373470426e-05 2.284386428073048592e-03 2.009270247071981430e-04 1.009606348816305399e-04
1.151121687144041061e-03 2.033481374382972717e-02 2.022433429956436157e-01 5.100445356220006943e-03 7.249469053931534290e-04 2.351081930100917816e-03 3.210498765110969543e-02 1.568353474140167236e-01 4.012624174356460571e-02 9.574594441801309586e-04
5.537725053727626801e-03 1.138142347335815430e+00 2.165466547012329102e-03 4.685954772867262363e-04 5.147336050868034363e-04 3.996636252850294113e-03 4.391124239191412926e-04 1.005656458437442780e-02 2.036010148003697395e-03 7.767796050757169724e-04
1.231071306392550468e-03 3.366527671460062265e-04 3.146133967675268650e-04 2.020037733018398285e-03 3.204568056389689445e-03 5.403419025242328644e-03 1.440644562244415283e-01 1.548810047097504139e-03 1.246874162461608648e-04 2.762992808129638433e-04
3.956080228090286255e-02 3.640591748990118504e-04 2.724833029787987471e-05 2.235563006252050400e-03 1.886822748929262161e-03 9.046921622939407825e-04 2.458553062751889229e-03 5.187049464439041913e-05 1.889854502223897725e-05 1.832641719374805689e-04
7.395997527055442333e-04 1.550438106060028076e-01 5.485939327627420425e-04 6.119424942880868912e-04 1.710815849946811795e-04 5.191444142838008702e-05 6.710210436722263694e-05 6.992994458414614201e-04 5.655867280438542366e-04 1.897522452054545283e-04
2.057706238701939583e-03 4.353600088506937027e-04 1.655777567066252232e-03 5.170889198780059814e-03 8.762898854911327362e-03 2.035423414781689644e-03 5.450242161750793457e-01 1.521823182702064514e-02 4.614359512925148010e-02 7.768080569803714752e-03
