2.641188330017030239e-04 1.017956310533918440e-04 2.570561191532760859e-04 8.041763067012652755e-05 8.515190333127975464e-03 4.236651118844747543e-03 4.713158705271780491e-05 1.100522786146029830e-04 1.088874042034149170e-01 1.062919152900576591e-03
1.955649582669138908e-03 4.145029015489853919e-05 1.767841400578618050e-03 6.521167699247598648e-03 2.137319883331656456e-03 7.745870971120893955e-04 2.708493359386920929e-02 1.776602864265441895e-01 2.323675435036420822e-04 2.717862953431904316e-04
4.208881291560828686e-04 9.140375186689198017e-04 6.463496387004852295e-02 5.937971218372695148e-05 2.863377158064395189e-04 1.248836633749306202e-03 7.974721193313598633e-01 1.160169253125786781e-03 3.148603427689522505e-04 7.157182553783059120e-04
7.809062954038381577e-03 8.295329171232879162e-04 1.476885937154293060e-02 1.716464059427380562e-03 2.114188857376575470e-03 7.914682477712631226e-02 1.674498707870952785e-05 6.398589466698467731e-04 2.406381099717691541e-05 1.097319996915757656e-03
3.355570835992693901e-03 4.351276438683271408e-04 7.548342691734433174e-04 5.259839445352554321e-02 9.471792727708816528e-03 4.048687405884265900e-04 5.046025034971535206e-05 3.396286920178681612e-04 1.137378974817693233e-03 6.340916734188795090e-04
1.563791767694056034e-03 9.884034079732373357e-05 2.075184602290391922e-04 2.375303010921925306e-04 2.352081064600497484e-04 3.125804364681243896e-01 8.902035187929868698e-05 6.836011016275733709e-05 1.895072200568392873e-04 8.846578566590324044e-05
1.778007717803120613e-04 9.388391626998782158e-04 7.172664045356214046e-04 2.025902085006237030e-02 3.084747353568673134e-03 1.619457034394145012e-04 1.947848498821258545e-02 6.272697355598211288e-03 7.007793756201863289e-04 1.052279490977525711e-03
1.198739977553486824e-03 1.569318771362304688e-02 2.490342855453491211e-01 4.983996041119098663e-03 2.012871904298663139e-03 5.889303516596555710e-03 9.224568202625960112e-05 8.463729318464174867e-05 9.358802344650030136e-04 1.356208464130759239e-03
1.551193417981266975e-04 8.996064774692058563e-03 5.292375572025775909e-04 1.272129593417048454e-04 7.471486926078796387e-02 9.676489047706127167e-03 2.598075661808252335e-03 2.091916976496577263e-03 3.671655356884002686e-01 3.328990889713168144e-03
1.475773751735687256e-01 1.584226964041590691e-03 3.006918821483850479e-03 1.033819746226072311e-02 7.895000744611024857e-04 1.357479719445109367e-03 2.652833609317895025e-05 1.304451609030365944e-03 2.443571761250495911e-02 5.782723892480134964e-04
4.603872075676918030e-03 1.653058920055627823e-03 4.627438262104988098e-02 2.619079547002911568e-03 1.634526439011096954e-02 5.636442918330430984e-03 5.352494306862354279e-03 5.714118480682373047e-03 3.196619749069213867e-01 9.189814445562660694e-04
1.229111943393945694e-02 2.200355265813414007e-05 4.406602238304913044e-05 3.561523510143160820e-03 9.958650171756744385e-02 7.158064283430576324e-03 2.874495228752493858e-03 3.416443942114710808e-03 2.396190393483266234e-05 5.340629140846431255e-04
7.293700036825612187e-05 1.860127551481127739e-03 1.365861576050519943e-02 1.519109159708023071e-01 2.606466587167233229e-04 5.150588185642845929e-05 6.568155640707118437e-06 4.388328641653060913e-03 5.722304922528564930e-04 2.158700488507747650e-03
2.571569196879863739e-02 5.116696003824472427e-03 5.606624181382358074e-04 1.422163331881165504e-03 8.374975877813994884e-04 1.001677215099334717e-01 8.951662457548081875e-04 4.245652235113084316e-04 8.307214739033952355e-05 7.388461381196975708e-05
9.140082511294167489e-06 1.893102750182151794e-02 8.247962105087935925e-04 5.736682214774191380e-04 1.941709160746540874e-05 1.349489957647165284e-05 9.852385119302198291e-06 2.052112948149442673e-03 5.551100548473186791e-05 2.243658091174438596e-04
2.295258309459313750e-04 9.170427173376083374e-02 8.361127693206071854e-04 5.552624934352934361e-04 3.142435103654861450e-03 5.730106495320796967e-04 4.396372969495132565e-05 4.950675065629184246e-05 2.688434533774852753e-02 4.457729519344866276e-04
6.518687587231397629e-05 3.939073849323904142e-06 3.544334049365716055e-06 4.984812676411820576e-06 3.483987711661029607e-06 3.220607595721958205e-06 4.840786459681112319e-06 4.473040007724193856e-06 3.588973868318134919e-06 4.610251835401868448e-06
4.092816670890897512e-04 7.541984319686889648e-02 5.214546108618378639e-04 7.175030186772346497e-04 1.476565284974640235e-05 9.627987747080624104e-04 6.514437263831496239e-04 1.100533263524994254e-04 1.064046955434605479e-04 1.674452323641162366e-05
3.081258037127554417e-04 2.415685003143153153e-07 2.567224726135464152e-07 1.168661518022418022e-03 1.408248394727706909e-02 1.829240318329539150e-06 2.035645957221277058e-05 2.507217118363769259e-07 5.808779405924724415e-06 1.519671400274091866e-06
7.685933378525078297e-04 6.502812029793858528e-04 2.962709550047293305e-05 8.557987166568636894e-04 4.220851405989378691e-04 2.592721284599974751e-05 7.821172475814819336e-04 2.173016764572821558e-05 1.204341948032379150e-01 6.992350681684911251e-04
1.476721651852130890e-02 1.192997675389051437e-03 1.913524101837538183e-06 4.944855049870966468e-07 2.153970172003027983e-06 7.820587488822638988e-04 7.848741461202735081e-07 8.459975333607872017e-07 9.309584925176750403e-07 2.241723223050939851e-06
2.765365061350166798e-04 2.146765036741271615e-04 2.577296108938753605e-04 2.624445769470185041e-04 2.143956371583044529e-04 2.309748961124569178e-04 3.817935648839920759e-04 2.201122842961922288e-04 3.277451323810964823e-04 7.540463702753186226e-04
8.214046247303485870e-04 6.130803842097520828e-03 8.122154395096004009e-04 1.178692327812314034e-03 1.158516388386487961e-02 2.009191666729748249e-04 4.606399743352085352e-04 2.327301044715568423e-04 8.958608668763190508e-05 2.226584032177925110e-02
6.432522786781191826e-04 5.499648978002369404e-04 2.078682155115529895e-04 1.957875676453113556e-03 6.085582426749169827e-04 3.226702660322189331e-02 1.518436521291732788e-01 6.414842209778726101e-04 6.060069426894187927e-04 1.383755006827414036e-04
3.530566173139959574e-04 2.379603538429364562e-04 1.081759389489889145e-02 4.305900540202856064e-03 1.177562959492206573e-02 3.681045491248369217e-04 1.394975697621703148e-04 1.108698546886444092e-01 1.389988028677180409e-04 9.049716172739863396e-04
8.247505873441696167e-03 2.515051281079649925e-03 3.192201547790318727e-04 7.606823928654193878e-03 6.025248020887374878e-02 9.809122420847415924e-04 4.727534833364188671e-04 2.537160180509090424e-04 1.825836952775716782e-04 9.788535680854693055e-05
3.233210736652836204e-05 2.947078428405802697e-05 1.735069076858053450e-06 4.728608928417088464e-06 4.976139734935713932e-06 3.238811768824234605e-05 2.038391130554373376e-06 1.176636014133691788e-02 3.439693682594224811e-05 8.608985808677971363e-05
3.437638515606522560e-04 2.663495251908898354e-04 1.510991482064127922e-03 3.496584831736981869e-04 1.037607435137033463e-03 6.234495667740702629e-04 4.943052772432565689e-03 9.474036097526550293e-02 9.396417299285531044e-04 6.056462298147380352e-04
1.416151735611492768e-05 1.772976364009082317e-03 4.349413793534040451e-04 4.659765181713737547e-05 1.082030030374880880e-05 8.890328172128647566e-05 7.056355825625360012e-04 2.129634842276573181e-03 7.037990599201293662e-06 1.590586543898098171e-05
5.820002406835556030e-04 5.249378773442003876e-06 1.924087409861385822e-03 2.007766597671434283e-04 3.095732536166906357e-04 6.445290637202560902e-04 1.468749134801328182e-03 4.821855400223284960e-04 1.702298177406191826e-04 2.322113066911697388e-01
1.743889530189335346e-03 4.657105891965329647e-04 1.709088683128356934e-02 6.598312029382213950e-05 1.069010636456368957e-06 3.131716948701068759e-05 1.562511897645890713e-04 1.175565216726681683e-06 5.067464735475368798e-05 1.372866448946297169e-03
1.952552585862576962e-03 1.817692973418161273e-04 5.085420329123735428e-03 1.589061866980046034e-04 2.154221147065982223e-04 1.125471293926239014e-02 3.087650239467620850e-01 2.326332964003086090e-03 2.583445515483617783e-03 1.305966434301808476e-04
4.660227894783020020e-01 2.349640242755413055e-02 1.154314159066416323e-04 1.298245624639093876e-04 2.867777599021792412e-03 5.600099917501211166e-03 3.915542736649513245e-03 6.420871795853599906e-05 6.592462159460410476e-05 1.147356466390192509e-03
2.304979367181658745e-03 1.333179301582276821e-03 6.111781112849712372e-04 3.811714123003184795e-04 3.304350684629753232e-05 3.149054711684584618e-03 2.108744811266660690e-03 2.184405748266726732e-04 1.003365032374858856e-02 1.696959516266360879e-04
4.636859812308102846e-04 3.133702848572283983e-04 2.323203625564929098e-05 3.271432826295495033e-03 6.941216415725648403e-04 7.113807369023561478e-03 2.163917385041713715e-02 3.285087645053863525e-02 2.037625199591275305e-05 1.112620159983634949e-02
2.913558296859264374e-02 1.858794479630887508e-03 3.227381967008113861e-03 2.301020780578255653e-03 6.857463158667087555e-04 2.956910058856010437e-03 5.189307779073715210e-02 4.899096488952636719e-02 4.956566262990236282e-04 4.918599426746368408e-01
4.194937355350703001e-04 9.132432169280946255e-04 4.615746729541569948e-04 6.256129709072411060e-04 1.981064863502979279e-02 1.613180385902523994e-03 3.854157112073153257e-04 4.918873892165720463e-04 5.931096151471138000e-02 5.261642509140074253e-04
2.560287248343229294e-04 4.650201590266078711e-04 1.160998654086142778e-04 4.510629514697939157e-04 2.439830568619072437e-04 2.941988594830036163e-02 3.582873195409774780e-02 1.049437996698543429e-04 1.105092093348503113e-02 5.950573831796646118e-04
1.041961004375480115e-04 1.564043050166219473e-04 1.042769011110067368e-02 1.824063801905140281e-04 1.812295801937580109e-02 6.567419768543913960e-05 1.261663564946502447e-04 8.762557804584503174e-02 1.100532803684473038e-02 9.111731924349442124e-05
1.928511424921452999e-03 3.617849433794617653e-04 9.220588020980358124e-03 3.241859842091798782e-03 3.156524617224931717e-04 7.591866888105869293e-04 8.619809150695800781e-02 3.047608137130737305e-01 9.213080629706382751e-04 3.100328904110938311e-04
1.813014449680849793e-07 4.466353915631771088e-03 1.002769568003714085e-03 3.948925041186157614e-06 1.630298502277582884e-04 4.502765659708529711e-05 4.409002087868429953e-07 3.124882823613006622e-07 2.402513530341821024e-07 2.361718287602343480e-07
2.345405751839280128e-03 3.148045507259666920e-04 1.835151124396361411e-05 3.420772845856845379e-04 1.836191040638368577e-05 1.904959049170429353e-06 1.971952997337211855e-06 1.060646027326583862e-04 3.934162668883800507e-03 7.870544322940986603e-06
3.329663377371616662e-05 2.868246156140230596e-05 4.142859688727185130e-05 2.279864747833926231e-05 3.491681127343326807e-05 2.543304071878083050e-05 2.392870010226033628e-05 3.936099892598576844e-05 3.776731318794190884e-05 3.140312401228584349e-05
3.021174052264541388e-04 2.795992186293005943e-04 5.377689376473426819e-03 1.788257504813373089e-04 2.058253739960491657e-04 1.381399761885404587e-02 3.463236207608133554e-04 2.117752883350476623e-04 3.383740484714508057e-01 2.271011762786656618e-04
1.131377648562192917e-02 1.832257257774472237e-04 2.099265111610293388e-03 9.261981397867202759e-02 6.756547093391418457e-02 5.318492278456687927e-02 2.247219672426581383e-03 2.004111156566068530e-04 2.426549763185903430e-04 2.574176760390400887e-04
1.879947922134306282e-05 7.208340093711740337e-07 1.233293687619152479e-06 7.061196924951218534e-07 1.016064561554230750e-05 9.652154403738677502e-06 8.037961088120937347e-03 2.884074579924345016e-03 5.996915206196717918e-06 1.028815631798352115e-06
4.387877881526947021e-03 1.270204520551487803e-04 3.555348375812172890e-04 1.148903393186628819e-04 1.691367775201797485e-01 1.341822498943656683e-04 3.593674302101135254e-02 2.520070178434252739e-03 1.057902481989003718e-04 1.426234282553195953e-02
1.243562473973724991e-05 6.861553993076086044e-04 2.405460872978437692e-05 2.588583156466484070e-02 8.929426257964223623e-06 1.863560755737125874e-04 9.936869610100984573e-04 5.454609636217355728e-04 7.877537980675697327e-03 4.938499187119305134e-04
1.088230637833476067e-03 1.151213306002318859e-03 3.391159407328814268e-04 4.167561884969472885e-03 9.671159088611602783e-02 4.060734354425221682e-04 3.191324416548013687e-03 4.724889586213976145e-04 1.125440816394984722e-03 1.775757409632205963e-04
1.712470693746581674e-04 6.982968002557754517e-02 3.342663330840878189e-05 2.172817767132073641e-05 3.115963772870600224e-05 3.026205231435596943e-04 2.481785486452281475e-04 3.070411912631243467e-04 3.138935062452219427e-05 5.355561152100563049e-04
3.198822669219225645e-04 1.589662133483216166e-04 2.680962497834116220e-04 2.450350439175963402e-04 1.856803335249423981e-02 1.952111197169870138e-04 1.874021691037341952e-04 1.327006029896438122e-03 2.384064282523468137e-04 1.225995249114930630e-03
6.186800601426512003e-05 2.406557723588775843e-05 6.512343679787591100e-05 6.872465746710076928e-05 7.598984666401520371e-05 4.158530209679156542e-04 2.032845653593540192e-02 5.196922575123608112e-05 6.034377292962744832e-05 8.502179116476327181e-05
6.166542414575815201e-03 1.248648641194449738e-05 9.168449469143524766e-05 9.926098755386192352e-06 3.830043971538543701e-02 4.799332469701766968e-03 2.414510585367679596e-03 1.305903060710988939e-05 1.681195317360106856e-05 8.488495222991332412e-05
4.276852632756344974e-05 4.328813702159095556e-06 3.210674776710220613e-06 6.012170706526376307e-05 5.109091489430284128e-06 1.770227027009241283e-05 1.253074424312217161e-05 1.471308153122663498e-02 1.289785814151400700e-05 3.032619133591651917e-06
6.354600191116333008e-04 6.730239419994177297e-06 3.412420046515762806e-04 7.664303481578826904e-02 2.746763173490762711e-03 1.842414960265159607e-02 8.928446732170414180e-06 1.113302656449377537e-03 1.029036939144134521e-02 2.924792701378464699e-03
9.319403208792209625e-03 4.837156236171722412e-01 2.198800939368084073e-05 4.197613743599504232e-04 7.991664460860192776e-04 1.132356817834079266e-03 1.855406007962301373e-04 7.227159221656620502e-04 1.328068901784718037e-04 2.200519200414419174e-03
7.729259668849408627e-04 8.321549830725416541e-05 2.916246012318879366e-04 5.408175638876855373e-04 1.419398904545232654e-04 1.992526054382324219e-01 7.051104330457746983e-04 7.639434188604354858e-04 8.416290074819698930e-05 1.220142096281051636e-02
1.506481021642684937e-01 6.282056710915639997e-05 3.335756063461303711e-02 1.808205619454383850e-03 2.549622673541307449e-03 4.291156074032187462e-05 3.150369739159941673e-04 3.358101821504533291e-05 2.661424456164240837e-03 1.611947198398411274e-03
1.554419868625700474e-04 1.292844116687774658e-01 1.826678053475916386e-03 1.748085138387978077e-03 3.055596491321921349e-03 1.166390953585505486e-03 1.567723811604082584e-04 3.456135455053299665e-04 8.494513458572328091e-04 1.618008245714008808e-03
1.109457341954112053e-03 1.627597230253741145e-04 2.023317210841923952e-05 1.175868092104792595e-03 1.139562009484507143e-04 9.398360853083431721e-04 2.582144807092845440e-04 3.984832018613815308e-02 5.319963020156137645e-05 1.343597250524908304e-04
6.607203249586746097e-05 3.088588127866387367e-04 2.971425419673323631e-04 2.110722474753856659e-03 3.082304028794169426e-04 4.015438607893884182e-04 5.859621887793764472e-05 3.088835775852203369e-01 2.754525048658251762e-04 7.416947046294808388e-04
2.608411305118352175e-04 4.437611278262920678e-05 2.696038063731975853e-05 8.368310955120250583e-05 4.024132795166224241e-05 3.389488533139228821e-02 3.404259769013151526e-05 2.685663093870971352e-05 2.899435348808765411e-04 3.561406265362165868e-05
1.407050937414169312e-01 2.121587097644805908e-02 1.400516601279377937e-03 9.581328777130693197e-05 2.263655005663167685e-05 1.073220555554144084e-04 1.716836559353396297e-04 6.093509146012365818e-04 1.547901076264679432e-03 2.483330354152712971e-05
4.539395868778228760e-02 8.744084334466606379e-05 9.653676301240921021e-03 1.963942646980285645e-01 3.921278417110443115e-01 1.088721328414976597e-03 1.014825611491687596e-04 7.887782528996467590e-03 2.271102275699377060e-03 1.511545665562152863e-02
6.325251888483762741e-04 7.891604676842689514e-03 1.513893604278564453e-01 1.176179794128984213e-04 1.233020448125898838e-03 4.921840736642479897e-04 1.451543159782886505e-02 1.167895272374153137e-02 2.418803749606013298e-03 1.220714184455573559e-04
6.847556796856224537e-04 1.302112126722931862e-03 2.381474245339632034e-03 9.396971017122268677e-02 4.443560319487005472e-04 1.113005448132753372e-02 1.303341938182711601e-03 2.146414408343844116e-05 5.004303238820284605e-05 2.000935455725993961e-05
1.912433058023452759e-01 3.483323234831914306e-05 1.233867951668798923e-03 3.805872984230518341e-05 7.659978000447154045e-04 2.216649241745471954e-03 5.238429643213748932e-03 1.969475764781236649e-03 5.557145341299474239e-04 7.330264779739081860e-04
1.281982804357539862e-05 3.929946979042142630e-04 6.198046263307332993e-03 3.196647623553872108e-03 1.366086326015647501e-05 1.558963776915334165e-05 1.312146079726517200e-03 2.576077531557530165e-04 2.406289242208003998e-02 5.564223101828247309e-05
1.042836830019950867e-01 3.142625791952013969e-04 5.099747068015858531e-05 3.621175512671470642e-02 1.886455866042524576e-04 2.699172182474285364e-04 5.354221502784639597e-05 2.327935799257829785e-04 8.089132606983184814e-04 8.080792031250894070e-05
5.128439079271629453e-05 1.301121528740623035e-06 5.343916927813552320e-05 6.407163891708478332e-05 2.413856564089655876e-03 1.293206732952967286e-04 1.976686343550682068e-02 3.612236119806766510e-03 4.458026160136796534e-05 4.699093915405683219e-05
8.097619866020977497e-04 3.200654173269867897e-03 1.602184921503067017e-01 1.375154010020196438e-03 1.605758210644125938e-03 2.442197641357779503e-03 3.709562495350837708e-02 1.035047578625380993e-03 5.400449503213167191e-03 2.741245087236166000e-03
1.252046669833362103e-03 4.654586373362690210e-04 3.010743821505457163e-04 7.344187470152974129e-04 7.286868058145046234e-04 3.857303410768508911e-03 2.869637915864586830e-03 2.053202092647552490e-01 2.967534586787223816e-03 1.219397177919745445e-03
2.853972837328910828e-04 6.549283862113952637e-01 3.227197378873825073e-02 2.744711237028241158e-04 2.028960036113858223e-03 1.434179837815463543e-03 1.849060063250362873e-04 1.046648249030113220e-03 2.407807623967528343e-03 1.746677560731768608e-03
5.907202139496803284e-04 2.320475759916007519e-04 1.073695486411452293e-03 2.842478919774293900e-03 1.608262769877910614e-02 3.180926200002431870e-03 1.647904515266418457e-01 9.534934535622596741e-03 1.116523053497076035e-03 3.711656900122761726e-04
9.025433246279135346e-05 1.288080384256318212e-04 1.448626571800559759e-04 1.391442929161712527e-04 8.401102240895852447e-05 1.205498410854488611e-04 8.829452417558059096e-05 7.485816604457795620e-05 2.237078151665627956e-04 1.160541505669243634e-04
7.963797543197870255e-06 4.068619546160334721e-06 4.928563066641800106e-05 5.674759813700802624e-05 1.120205372571945190e-01 5.241759936325252056e-06 5.334589150152169168e-05 7.709045348747167736e-06 6.049132935004308820e-05 6.987141387071460485e-05
2.448547165840864182e-03 9.920540032908320427e-04 7.608341984450817108e-04 9.580583428032696247e-04 1.042940691113471985e-01 1.806937041692435741e-03 7.220031693577766418e-04 8.580165449529886246e-04 1.135988393798470497e-03 1.246463943971320987e-04
1.265601458726450801e-04 7.559159712400287390e-05 7.781289605190977454e-05 5.625093399430625141e-05 5.934993168921209872e-05 7.086050027282908559e-05 3.974024730268865824e-05 3.357871537446044385e-05 7.953140884637832642e-02 2.857352956198155880e-05
1.911216531880199909e-04 6.073389668017625809e-04 2.656847834587097168e-01 2.240553731098771095e-04 8.406919427216053009e-03 2.450916683301329613e-03 8.070302195847034454e-03 2.531246840953826904e-01 6.975985015742480755e-04 2.656636992469429970e-03
5.049197468906641006e-03 2.812843071296811104e-03 9.975994471460580826e-04 1.492340234108269215e-04 2.804606338031589985e-04 3.523501334711909294e-03 1.745547051541507244e-03 7.347055673599243164e-01 2.821335336193442345e-03 6.397555698640644550e-04
3.556549927452579141e-05 2.760466850304510444e-05 1.625880249775946140e-04 2.234958446933887899e-05 2.056491211988031864e-05 3.838995180558413267e-04 2.123331651091575623e-04 3.511754039209336042e-04 4.005972668528556824e-02 9.029504726640880108e-04
1.752901880536228418e-04 3.304038196802139282e-02 1.170432824437739328e-05 1.491236180299893022e-04 1.030094517773250118e-05 9.842919826041907072e-05 1.758441794663667679e-04 1.327310601482167840e-04 1.606571895536035299e-04 1.013033215713221580e-05
2.855786355212330818e-03 3.149891272187232971e-03 8.166763000190258026e-03 3.996655344963073730e-03 1.081752404570579529e-01 1.288831583224236965e-03 1.116173435002565384e-02 7.294231094419956207e-03 1.301822194363921881e-04 5.079059675335884094e-02
2.707521431148052216e-02 7.564958068542182446e-04 3.308477578684687614e-03 5.099489819258451462e-03 2.394542396068572998e-01 1.743531436659395695e-03 5.438278894871473312e-04 3.422056615818291903e-04 3.413319587707519531e-03 9.794207289814949036e-04
4.312386154197156429e-04 6.485133199021220207e-04 7.888636551797389984e-03 4.844072682317346334e-04 5.692988634109497070e-02 4.384666972327977419e-04 7.164421840570867062e-04 5.755308270454406738e-02 3.646122058853507042e-04 6.583885406143963337e-04
2.212365943705663085e-04 3.502649366855621338e-01 9.481696411967277527e-03 1.247106306254863739e-02 2.434896305203437805e-02 7.344206795096397400e-03 2.655581384897232056e-02 4.123206716030836105e-03 1.003998797386884689e-02 5.769478157162666321e-03
3.991751145804300904e-05 4.279162021703086793e-05 3.391098976135253906e-02 1.606998239367385395e-06 3.295841161161661148e-04 1.624831270419235807e-06 1.661010628595249727e-06 1.420950525243824814e-06 4.849586912314407527e-05 1.645218503654177766e-06
9.750662720762193203e-04 2.433799579739570618e-02 2.282689558342099190e-03 3.038969298359006643e-04 3.827757537364959717e-01 4.343433829490095377e-04 3.243724815547466278e-03 2.956875250674784184e-04 4.891856806352734566e-04 3.017888171598315239e-03
6.804537773132324219e-02 6.903250468894839287e-04 1.747172791510820389e-05 1.698289270279929042e-05 1.453523691452573985e-05 2.722429577261209488e-03 1.209055917570367455e-04 3.492909600026905537e-04 2.902661617554258555e-05 1.920248469104990363e-04
5.546377040445804596e-03 9.253732423530891538e-05 9.088587103178724647e-05 4.065392713528126478e-04 6.984549690969288349e-05 2.809630532283335924e-04 1.305539812892675400e-02 2.397956122877076268e-04 1.467328402213752270e-03 4.209014773368835449e-02
1.186118181794881821e-02 8.222557517001405358e-05 7.010220736265182495e-02 5.205285269767045975e-03 2.538124797865748405e-03 1.274313835892826319e-04 7.784698624163866043e-03 5.264765932224690914e-04 3.490028902888298035e-03 2.852259902283549309e-03
1.411035896126122680e-06 8.516361049260012805e-06 6.495448178611695766e-05 3.413559625187190250e-06 1.148929540067911148e-02 9.008396659737627488e-07 1.966350711882114410e-02 3.595709131332114339e-06 8.495411520925699733e-07 9.199048690788913518e-06
1.035572146065533161e-03 1.570239510328974575e-05 1.456983591197058558e-05 2.987571060657501221e-02 1.250836648978292942e-03 1.430268730473471805e-05 2.241297188447788358e-04 1.332594547420740128e-05 1.462955242459429428e-05 1.119485590606927872e-03
3.744461282622069120e-04 1.318175578489899635e-03 2.316923812031745911e-03 1.470732316374778748e-02 8.380037732422351837e-03 3.035609843209385872e-04 4.340350031852722168e-01 1.264842227101325989e-03 3.372151695657521486e-04 6.766067817807197571e-03
4.823673963546752930e-01 1.055773347616195679e-01 4.927773261442780495e-05 6.917466816958039999e-05 3.652926170616410673e-05 1.679869950748980045e-03 1.498844707384705544e-03 9.033329843077808619e-05 7.978324778378009796e-03 5.030063766753301024e-05
3.951435536146163940e-02 8.779902011156082153e-03 1.582668535411357880e-02 2.982470393180847168e-01 2.188039198517799377e-02 1.349708065390586853e-02 9.624785743653774261e-03 1.137604564428329468e-02 1.082403305917978287e-02 2.100759148597717285e-01
4.513860330916941166e-04 2.379852776357438415e-05 6.475749425590038300e-03 7.992663449840620160e-05 7.860263576731085777e-05 6.245007389225065708e-04 2.941187813121359795e-05 1.329956054687500000e-01 9.931597160175442696e-04 3.004457568749785423e-03
6.959391498639888596e-07 8.622737368568778038e-07 6.899038567098614294e-07 7.110608635230164509e-07 6.658500751655083150e-06 1.154910819423093926e-06 6.896605100337183103e-07 6.426571417250670493e-07 7.397267036139965057e-04 3.190631468896754086e-05
2.254503488074988127e-04 6.502241012640297413e-05 2.260201290482655168e-04 1.727730123093351722e-04 1.187604793813079596e-04 1.213955547427758574e-04 1.009155181236565113e-03 1.619020185898989439e-04 1.301596034318208694e-02 1.331434100866317749e-01
1.451937947422266006e-03 9.498521685600280762e-02 2.286763116717338562e-02 3.987590025644749403e-04 2.286755014210939407e-03 1.362122362479567528e-03 3.625199198722839355e-03 3.618087503127753735e-04 1.869060099124908447e-03 4.433972295373678207e-03
