2.831051826477050781e+01 8.232668876647949219e+00 1.712869524955749512e+00 2.706137466430664062e+01
3.951492309570312500e+01 8.196231842041015625e+00 5.652699661254882812e+01 2.325324527919292450e-02
2.425092887878417969e+01 9.204192161560058594e+00 2.425262069702148438e+01 4.245878601074218750e+01
4.630565261840820312e+01 1.741025352478027344e+01 1.382343673706054688e+01 7.952421665191650391e+00
2.232933807373046875e+01 1.793688178062438965e+00 3.760208511352539062e+01 3.759786224365234375e+01
5.599971771240234375e+01 4.001772308349609375e+01 5.599998855590820312e+01 4.001733779907226562e+01
1.461579036712646484e+01 3.248702621459960938e+01 3.664349746704101562e+01 3.215578079223632812e+01
3.036898612976074219e+01 4.167807102203369141e+00 1.762291717529296875e+01 1.928841590881347656e+01
1.337005019187927246e+00 2.878306961059570312e+01 3.870006942749023438e+01 5.326390266418457031e+00
3.442063927650451660e-01 3.884531021118164062e+01 3.884535598754882812e+01 1.091481685638427734e+01
2.145563602447509766e+00 4.664271545410156250e+01 4.664502716064453125e+01 8.920983314514160156e+00
4.610949039459228516e+00 7.570856094360351562e+00 1.814223861694335938e+01 1.814223670959472656e+01
1.909246253967285156e+01 1.796498107910156250e+01 1.796465110778808594e+01 5.168603658676147461e-01
1.782121467590332031e+01 1.244781303405761719e+01 5.269388961791992188e+01 1.877026367187500000e+01
1.984938621520996094e+01 1.200891494750976562e+01 1.984922027587890625e+01 6.135609626770019531e+00
2.394931411743164062e+01 4.634005355834960938e+01 3.525022125244140625e+01 6.375101566314697266e+00
8.556666374206542969e+00 5.550032043457031250e+01 2.932450866699218750e+01 8.556800842285156250e+00
3.080953979492187500e+01 3.612860488891601562e+01 6.265518665313720703e+00 1.904544448852539062e+01
2.075287628173828125e+01 2.541400527954101562e+01 4.448939514160156250e+01 2.075277900695800781e+01
3.228604507446289062e+01 2.460509681701660156e+01 1.102267265319824219e+00 3.895135223865509033e-01
2.553581428527832031e+01 2.553631973266601562e+01 4.469721603393554688e+01 2.553619384765625000e+01
3.909758758544921875e+01 3.933356857299804688e+01 1.920687294006347656e+01 1.194890022277832031e+01
4.580086898803710938e+01 5.090695953369140625e+01 6.325801849365234375e+00 5.090698623657226562e+01
3.812313842773437500e+01 3.441807937622070312e+01 2.689836740493774414e+00 3.812517547607421875e+01
4.176868498325347900e-02 1.678912353515625000e+01 2.890586853027343750e+01 5.549920654296875000e+01
6.687558174133300781e+00 3.819258499145507812e+01 3.819308853149414062e+01 4.648474502563476562e+01
3.188162994384765625e+01 4.625323116779327393e-01 2.048261451721191406e+01 1.144761204719543457e+00
1.695299625396728516e+00 5.854480266571044922e+00 1.608596992492675781e+01 5.108504104614257812e+01
5.918782711029052734e+00 4.018056488037109375e+01 5.689830398559570312e+01 5.921243190765380859e+00
5.296735763549804688e+01 2.442027330398559570e+00 4.618948364257812500e+01 4.619015502929687500e+01
5.369945144653320312e+01 5.292672729492187500e+01 9.171462655067443848e-01 6.736762046813964844e+00
3.922264099121093750e+01 3.627877807617187500e+01 1.368484592437744141e+01 3.922236251831054688e+01
3.079146194458007812e+01 3.704801177978515625e+01 3.079061889648437500e+01 2.727224922180175781e+01
2.270163154602050781e+01 1.466698765754699707e+00 2.062209510803222656e+01 4.965334892272949219e+00
3.393983459472656250e+01 3.363538503646850586e+00 1.329710388183593750e+01 1.102429294586181641e+01
1.190197086334228516e+01 4.946883392333984375e+01 3.065954971313476562e+01 3.065747261047363281e+01
5.550001525878906250e+01 4.163980865478515625e+01 6.939587116241455078e+00 3.261358261108398438e+01
4.118666839599609375e+01 2.130505180358886719e+01 3.077665567398071289e+00 4.846503829956054688e+01
9.150795340538024902e-01 2.052697944641113281e+01 1.291020965576171875e+01 1.147861576080322266e+01
3.989981460571289062e+01 2.578235244750976562e+01 1.280113220214843750e+01 1.048823833465576172e+00
3.580440521240234375e+01 5.162076568603515625e+01 5.571059036254882812e+01 5.162074279785156250e+01
5.394874572753906250e+01 1.101164054870605469e+01 1.947703361511230469e+01 5.600000762939453125e+01
2.868071556091308594e+01 1.810035514831542969e+01 1.316746139526367188e+01 3.731979370117187500e+00
2.047474861145019531e+00 3.287204360961914062e+01 5.534046936035156250e+01 8.307280540466308594e+00
4.663706588745117188e+01 3.102818870544433594e+01 6.055122852325439453e+00 1.617421340942382812e+01
2.254652595520019531e+01 2.020714998245239258e+00 2.917204093933105469e+01 2.305738639831542969e+01
1.469796180725097656e+01 1.396542835235595703e+01 5.165959358215332031e+00 5.305718612670898438e+01
4.735105991363525391e+00 2.136472320556640625e+01 4.850881195068359375e+01 1.785334777832031250e+01
3.174176216125488281e+01 1.496827793121337891e+01 2.094948959350585938e+01 4.379711151123046875e+01
4.777355957031250000e+01 1.238266849517822266e+01 4.079695701599121094e+00 4.777350234985351562e+01
4.421538162231445312e+01 6.725654125213623047e+00 3.875138854980468750e+01 3.350760221481323242e+00
4.044927597045898438e+01 4.044957733154296875e+01 1.431340217590332031e+01 7.172335624694824219e+00
7.126978635787963867e-01 4.065842056274414062e+01 2.197386169433593750e+01 2.286392593383789062e+01
4.884396362304687500e+01 5.260290950536727905e-02 6.803685665130615234e+00 5.606106185913085938e+01
2.641424655914306641e+00 2.184264755249023438e+01 2.865133094787597656e+01 1.259011077880859375e+01
3.206869506835937500e+01 4.989807891845703125e+01 1.959216499328613281e+01 2.680392265319824219e+00
2.326011085510253906e+01 7.532391548156738281e+00 2.326026725769042969e+01 8.146663665771484375e+00
1.219853973388671875e+01 1.219858741760253906e+01 3.373697996139526367e+00 3.461763381958007812e+01
3.911708068847656250e+01 6.468950748443603516e+00 3.536328887939453125e+01 2.957559394836425781e+01
2.780716657638549805e+00 1.239934635162353516e+01 3.977144718170166016e+00 5.134794235229492188e+01
3.897620391845703125e+01 3.897618103027343750e+01 1.353443026542663574e+00 3.897659301757812500e+01
5.060016632080078125e+01 1.466933536529541016e+01 2.026620626449584961e+00 1.466468048095703125e+01
5.315261459350585938e+01 1.163616180419921875e+00 3.098898315429687500e+01 1.165936470031738281e+01
3.213665008544921875e+01 5.481200790405273438e+01 1.249209022521972656e+01 4.327030181884765625e+01
4.759394454956054688e+01 9.256939888000488281e+00 4.759537506103515625e+01 4.760104370117187500e+01
5.784366726875305176e-01 2.486975669860839844e+01 5.700676441192626953e+00 2.487052726745605469e+01
2.662437629699707031e+01 5.825628280639648438e+01 4.936119842529296875e+01 5.191552162170410156e+00
2.930488014221191406e+01 4.362617015838623047e+00 7.691040039062500000e+00 1.327779579162597656e+01
1.890926933288574219e+01 1.890914726257324219e+01 1.807223558425903320e+00 5.499776840209960938e+01
4.482339859008789062e+01 2.256059455871582031e+01 2.384519815444946289e+00 3.440987825393676758e+00
2.890299415588378906e+01 2.890300369262695312e+01 3.175731897354125977e+00 2.890301132202148438e+01
4.870441436767578125e+01 4.577222442626953125e+01 4.208299636840820312e+01 7.782517373561859131e-02
5.260243225097656250e+01 1.335724639892578125e+01 4.276227951049804688e+00 2.442109298706054688e+01
4.840667343139648438e+01 3.056506156921386719e+01 9.296998977661132812e+00 3.892339706420898438e+00
4.647887039184570312e+01 1.747560501098632812e+01 4.647897338867187500e+01 3.637093544006347656e+00
1.531420461833477020e-02 3.400203704833984375e+01 3.400206375122070312e+01 3.612961959838867188e+01
6.765235424041748047e+00 4.403904724121093750e+01 3.522173690795898438e+01 3.638699722290039062e+01
2.339334106445312500e+01 3.120521736145019531e+01 3.554883575439453125e+01 2.339356613159179688e+01
8.065525054931640625e+00 8.040867805480957031e+00 9.127687454223632812e+00 1.016855955123901367e+00
1.116078853607177734e+01 3.224767208099365234e+00 2.667410469055175781e+01 5.021138381958007812e+01
5.191721725463867188e+01 3.940942382812500000e+01 3.266276168823242188e+01 3.266191864013671875e+01
1.729822540283203125e+01 2.527704811096191406e+01 5.599998474121093750e+01 7.707967281341552734e+00
2.168653106689453125e+01 1.386236000061035156e+01 2.841782951354980469e+01 4.832650756835937500e+01
2.136839151382446289e+00 4.271580886840820312e+01 4.271573638916015625e+01 3.886645889282226562e+01
8.028357505798339844e+00 1.964545440673828125e+01 3.538741683959960938e+01 1.055034175515174866e-01
4.309340667724609375e+01 5.662918090820312500e+01 4.704862833023071289e-01 2.276464843750000000e+01
2.031508636474609375e+01 2.031524085998535156e+01 1.906332969665527344e+01 2.947144031524658203e+00
3.702348327636718750e+01 2.180340003967285156e+01 3.305912399291992188e+01 2.180362510681152344e+01
3.132142829895019531e+01 4.112226104736328125e+01 4.791875076293945312e+01 1.524322605133056641e+01
4.546775817871093750e+01 1.563541412353515625e+01 2.704334259033203125e+01 4.546784973144531250e+01
3.798109817504882812e+01 3.798102951049804688e+01 6.854773521423339844e+00 2.901497459411621094e+01
7.147073745727539062e+00 2.098128557205200195e+00 4.056362152099609375e+01 4.056372070312500000e+01
5.078323841094970703e+00 1.246932506561279297e+01 4.109601593017578125e+01 5.078319072723388672e+00
8.420481681823730469e+00 5.600021362304687500e+01 5.599996948242187500e+01 5.600001525878906250e+01
4.352721023559570312e+01 5.549974822998046875e+01 3.058281135559082031e+01 3.058297729492187500e+01
1.626732707023620605e+00 2.494327783584594727e+00 4.298597717285156250e+01 3.700329971313476562e+01
5.556257247924804688e+01 3.629862594604492188e+01 4.210406303405761719e+00 4.747831726074218750e+01
2.571632862091064453e+00 2.524020671844482422e+00 5.529939651489257812e+01 2.471923637390136719e+01
3.891407012939453125e+01 2.731248474121093750e+01 3.527896499633789062e+01 3.891657638549804688e+01
7.352025508880615234e+00 2.556164169311523438e+01 2.735327482223510742e+00 3.270336532592773438e+01
