4.033396911621093750e+01 2.478803825378417969e+01 3.368456649780273438e+01 5.221017456054687500e+01 3.483943223953247070e+00 1.814175605773925781e+01 3.085429763793945312e+01 1.502290725708007812e+01 4.033406066894531250e+01 8.094725608825683594e+00
2.594822120666503906e+01 5.109662246704101562e+01 5.109606933593750000e+01 3.550659179687500000e+01 5.109682846069335938e+01 9.776737213134765625e+00 2.442027664184570312e+01 1.893556022644042969e+01 4.518496513366699219e+00 5.109584808349609375e+01
2.497528457641601562e+01 4.052495956420898438e+01 4.316873168945312500e+01 1.300468564033508301e+00 2.497565078735351562e+01 3.323884487152099609e+00 4.540788269042968750e+01 4.052391815185546875e+01 4.052438735961914062e+01 4.052482986450195312e+01
4.763474655151367188e+01 3.853057098388671875e+01 4.056863403320312500e+01 3.564125823974609375e+01 2.852539062500000000e+01 3.955277633666992188e+01 4.763572311401367188e+01 3.853011703491210938e+01 1.259467506408691406e+01 3.853045272827148438e+01
6.967810392379760742e-01 1.601501464843750000e+01 4.955821990966796875e+00 2.517897033691406250e+01 1.205236721038818359e+01 4.023592472076416016e+00 1.197985172271728516e+01 5.301934051513671875e+01 7.952353477478027344e+00 1.069246903061866760e-01
1.010250949859619141e+01 1.203961372375488281e+01 3.672797679901123047e+00 1.039710938930511475e-01 2.014380836486816406e+01 4.233348464965820312e+01 4.398359298706054688e+01 2.014370727539062500e+01 2.014380264282226562e+01 5.031581878662109375e+01
2.403750038146972656e+01 1.435864543914794922e+01 3.340174865722656250e+01 1.399279594421386719e+01 9.737101554870605469e+00 1.904029655456542969e+01 1.426783466339111328e+01 3.340172576904296875e+01 2.403753662109375000e+01 4.585550725460052490e-02
3.763491439819335938e+01 5.069214344024658203e+00 9.725810289382934570e-01 1.233671379089355469e+01 1.297400760650634766e+01 1.582133674621582031e+01 1.582128143310546875e+01 1.582382297515869141e+01 1.309101486206054688e+01 2.685436439514160156e+01
2.500234794616699219e+01 2.931497991085052490e-01 4.293501281738281250e+01 2.500234413146972656e+01 5.633644485473632812e+01 2.750208282470703125e+01 4.601801681518554688e+01 4.601802062988281250e+01 1.684365272521972656e+01 2.798959541320800781e+01
2.321843338012695312e+01 1.044842147827148438e+01 1.911775970458984375e+01 6.850734353065490723e-02 3.668490600585937500e+01 4.441848373413085938e+01 3.589437723159790039e+00 8.044542312622070312e+00 2.037914466857910156e+01 5.140645980834960938e+01
1.045676040649414062e+01 2.665752410888671875e+01 4.766627120971679688e+01 2.820330429077148438e+01 1.126645565032958984e+01 4.766638183593750000e+01 3.216645431518554688e+01 1.229594802856445312e+01 1.611150503158569336e-01 3.800784683227539062e+01
3.663636207580566406e+00 6.399306774139404297e+00 3.665135860443115234e+00 4.033494567871093750e+01 4.931677627563476562e+01 3.554269790649414062e+01 4.033449172973632812e+01 6.243944644927978516e+00 4.816952514648437500e+01 4.715236663818359375e+00
1.027654886245727539e+00 4.220617675781250000e+01 8.440407752990722656e+00 3.673791122436523438e+01 5.550001525878906250e+01 4.735430526733398438e+01 1.755020141601562500e+01 1.723929405212402344e+00 3.248318481445312500e+01 3.247682189941406250e+01
6.170912265777587891e+00 3.079549407958984375e+01 6.963589191436767578e+00 5.600000000000000000e+01 3.079678916931152344e+01 1.668811225891113281e+01 9.356234550476074219e+00 3.106409549713134766e+00 3.079572486877441406e+01 3.737910461425781250e+01
1.584146022796630859e+01 5.007039642333984375e+01 1.478764724731445312e+01 5.007036590576171875e+01 2.382825469970703125e+01 2.537362670898437500e+01 2.954424476623535156e+01 2.474829673767089844e+00 1.163239097595214844e+01 1.163242816925048828e+01
3.757104110717773438e+01 3.160707473754882812e+00 4.661441802978515625e+01 5.225656890869140625e+01 2.148752212524414062e+01 8.341861724853515625e+00 2.473646879196166992e+00 2.705410957336425781e+01 5.225787734985351562e+01 1.614127540588378906e+01
2.576061820983886719e+01 1.454952239990234375e+01 2.328356933593750000e+01 7.060823440551757812e+00 4.706721878051757812e+01 2.576080322265625000e+01 6.665896415710449219e+00 2.433942794799804688e+00 5.205476760864257812e+00 3.759246826171875000e+01
1.781346797943115234e-01 4.885250091552734375e+01 2.566729164123535156e+01 4.950330352783203125e+01 4.815399932861328125e+01 2.566729545593261719e+01 4.203166961669921875e+00 1.726555824279785156e+01 2.112260246276855469e+01 2.851153373718261719e+01
2.183505296707153320e+00 5.061876296997070312e+00 4.898477554321289062e+01 3.964805221557617188e+01 3.239046478271484375e+01 4.354275894165039062e+01 8.389937400817871094e+00 3.239052581787109375e+01 3.239049148559570312e+01 4.354292297363281250e+01
2.131302070617675781e+01 3.407633972167968750e+01 4.658054351806640625e+01 1.636791038513183594e+01 5.562416076660156250e+01 1.036804294586181641e+01 3.794985580444335938e+01 1.409402179718017578e+01 7.241589546203613281e+00 3.133464813232421875e+00
4.599055862426757812e+01 5.047852516174316406e+00 1.558053016662597656e+00 1.454294109344482422e+01 4.543462371826171875e+01 1.040586566925048828e+01 4.926284790039062500e+01 4.598926925659179688e+01 7.496245503425598145e-01 3.704954147338867188e+01
3.689856719970703125e+01 4.605451202392578125e+01 2.874152565002441406e+01 1.864264678955078125e+01 2.697213411331176758e+00 9.266705065965652466e-02 8.845155715942382812e+00 2.392825126647949219e+01 1.072527503967285156e+01 4.605344772338867188e+01
3.106075477600097656e+01 2.578377532958984375e+01 1.617075538635253906e+01 4.240281677246093750e+01 4.586913299560546875e+01 3.477530241012573242e+00 4.240304946899414062e+01 1.750306129455566406e+01 3.106149101257324219e+01 3.591983032226562500e+01
5.586145401000976562e+00 3.314973711967468262e-01 1.419118404388427734e+01 2.277816772460937500e+01 3.185953140258789062e+01 5.616706466674804688e+01 1.974139404296875000e+01 2.277899742126464844e+01 2.531955718994140625e+01 2.277768516540527344e+01
2.209082031250000000e+01 4.887257385253906250e+01 5.550007629394531250e+01 3.173447990417480469e+01 5.550057220458984375e+01 3.173456573486328125e+01 3.872458648681640625e+01 1.690471076965332031e+01 4.656087493896484375e+01 2.209049224853515625e+01
2.511518859863281250e+01 3.555470657348632812e+01 1.318281459808349609e+01 2.510987091064453125e+01 9.548884391784667969e+00 4.151649856567382812e+01 4.036433696746826172e+00 1.255020904541015625e+01 3.555568695068359375e+01 3.223079681396484375e+01
3.642280197143554688e+01 3.225358247756958008e+00 4.699607086181640625e+01 1.813476181030273438e+01 9.520443916320800781e+00 4.836640548706054688e+01 2.406105995178222656e+01 2.074303627014160156e+00 2.063689804077148438e+01 6.148503780364990234e+00
4.152408599853515625e+01 1.653402137756347656e+01 3.452791595458984375e+01 5.202748179435729980e-01 2.122684478759765625e+01 4.152416610717773438e+01 1.028197574615478516e+01 2.932863807678222656e+01 1.028657913208007812e+01 4.033383560180664062e+01
1.791140174865722656e+01 4.850481796264648438e+01 3.534432983398437500e+01 5.413789749145507812e+01 3.880844116210937500e+01 5.902586936950683594e+00 3.880824279785156250e+01 3.094473457336425781e+01 5.822865009307861328e+00 5.218397140502929688e+01
1.672429084777832031e+01 5.682401657104492188e+01 1.672536849975585938e+01 2.160506439208984375e+01 2.513481140136718750e+00 2.973466682434082031e+01 2.821338081359863281e+01 7.203563690185546875e+00 6.783096313476562500e+00 2.664694976806640625e+01
2.835702514648437500e+01 2.412105560302734375e+01 2.488126564025878906e+01 6.425985813140869141e+00 3.713611602783203125e+01 1.410165119171142578e+01 3.183264732360839844e-01 2.412164306640625000e+01 2.340250778198242188e+01 2.412027168273925781e+01
2.409930610656738281e+01 4.141709136962890625e+01 1.974273681640625000e+01 2.828349351882934570e+00 1.820464706420898438e+01 7.663491249084472656e+00 1.693397903442382812e+01 4.326407241821289062e+01 4.177521228790283203e+00 3.805295562744140625e+01
4.538669586181640625e+01 1.083565998077392578e+01 3.153861618041992188e+01 5.329566955566406250e+01 6.643342018127441406e+00 1.334980201721191406e+01 3.153917694091796875e+01 5.550000381469726562e+01 4.538222503662109375e+01 2.139039278030395508e+00
1.658630180358886719e+01 1.030258983373641968e-01 1.244775962829589844e+01 1.725948905944824219e+01 5.715597629547119141e+00 3.217394256591796875e+01 1.112067699432373047e+01 3.355361938476562500e+01 1.726191520690917969e+01 4.163903713226318359e+00
5.249599075317382812e+01 2.731352043151855469e+01 4.158621728420257568e-01 2.520231962203979492e+00 3.610498046875000000e+01 3.323740386962890625e+01 3.751878356933593750e+01 3.610514450073242188e+01 2.976988601684570312e+01 8.983575820922851562e+00
2.589977836608886719e+01 3.147205352783203125e+00 4.407868194580078125e+01 1.010849857330322266e+01 4.407690811157226562e+01 1.010758113861083984e+01 4.407582855224609375e+01 3.075189018249511719e+01 4.666858291625976562e+01 1.532195210456848145e-01
4.097548675537109375e+01 2.103185462951660156e+01 1.054372215270996094e+01 5.404066562652587891e+00 5.490933227539062500e+01 2.977257919311523438e+01 5.609109115600585938e+01 3.411900043487548828e+00 2.123308753967285156e+01 3.484830379486083984e+00
5.011981201171875000e+01 4.141119384765625000e+01 1.546297645568847656e+01 4.141086196899414062e+01 3.987488555908203125e+01 9.984025955200195312e+00 5.011972808837890625e+01 4.141069412231445312e+01 5.011977005004882812e+01 5.091163158416748047e+00
2.763984870910644531e+01 4.869733810424804688e+01 5.549999618530273438e+01 5.550000762939453125e+01 1.402322292327880859e+01 2.295420408248901367e+00 1.263689231872558594e+01 3.825538635253906250e+01 4.400897216796875000e+01 2.638414144515991211e+00
4.057798385620117188e+00 5.595284652709960938e+01 4.855167007446289062e+01 5.608143615722656250e+01 4.286881637573242188e+01 3.478116750717163086e+00 1.343207168579101562e+01 8.859370231628417969e+00 4.321943664550781250e+01 2.234683799743652344e+01
7.611831665039062500e+00 1.042734718322753906e+01 4.156919479370117188e+01 1.165505405515432358e-02 4.129598999023437500e+01 4.157142639160156250e+01 4.157094573974609375e+01 2.822330951690673828e+00 3.591705799102783203e+00 1.795565485954284668e+00
8.248126029968261719e+00 4.626079559326171875e+01 3.601357650756835938e+01 1.120864295959472656e+01 5.329623413085937500e+01 3.601350021362304688e+01 3.116167068481445312e+01 3.823748826980590820e+00 1.677583885192871094e+01 5.329606246948242188e+01
1.945965194702148438e+01 1.945960617065429688e+01 2.575262641906738281e+01 1.353590488433837891e+00 2.043082046508789062e+01 1.337688922882080078e+01 4.741438293457031250e+01 2.575286483764648438e+01 5.549996566772460938e+01 1.126202392578125000e+01
1.476947307586669922e+00 3.733160781860351562e+01 4.267568588256835938e+01 3.973406219482421875e+01 3.821746444702148438e+01 3.055903673171997070e+00 3.821771621704101562e+01 2.443815946578979492e+00 3.733139801025390625e+01 1.575465679168701172e+01
1.269527053833007812e+01 3.050612509250640869e-01 2.968608283996582031e+01 3.133048057556152344e+01 4.084880447387695312e+01 9.714179039001464844e+00 7.931436061859130859e+00 3.020631313323974609e+00 2.601512336730957031e+01 2.667030143737792969e+01
1.179464817047119141e+01 3.852898406982421875e+01 4.811621856689453125e+01 1.458835721015930176e+00 8.843785285949707031e+00 3.852884674072265625e+01 3.852877044677734375e+01 3.903273773193359375e+01 1.765785980224609375e+01 1.771652817726135254e+00
2.349804687500000000e+01 1.072431755065917969e+01 4.307864761352539062e+01 3.264189481735229492e+00 1.164012813568115234e+01 1.251316738128662109e+01 2.349860191345214844e+01 2.349851989746093750e+01 3.641086578369140625e+01 3.579612350463867188e+01
4.072243118286132812e+01 2.365979194641113281e+01 1.772079467773437500e+01 3.333579635620117188e+01 3.033089447021484375e+01 1.059181404113769531e+01 3.490309953689575195e+00 7.221646785736083984e+00 8.275573730468750000e+00 3.578644180297851562e+01
3.870605468750000000e+01 1.652182936668395996e+00 3.130570411682128906e+01 3.871005249023437500e+01 2.064525604248046875e+01 2.460588073730468750e+01 5.450468063354492188e+01 1.931957626342773438e+01 2.192658805847167969e+01 3.870601654052734375e+01
1.230469894409179688e+01 1.007396411895751953e+01 1.555393505096435547e+01 6.978106689453125000e+01 5.096922302246093750e+01 1.225094509124755859e+01 2.137047004699707031e+01 4.192400455474853516e+00 8.524895668029785156e+00 3.256453704833984375e+01
3.836720657348632812e+01 2.541774177551269531e+01 5.184168624877929688e+01 4.511886215209960938e+01 3.510164260864257812e+01 2.541730117797851562e+01 2.717007446289062500e+01 6.499476432800292969e+00 3.395212173461914062e+00 4.054441070556640625e+01
2.690355491638183594e+01 2.880618476867675781e+01 2.880646705627441406e+01 3.216173934936523438e+01 1.252005290985107422e+01 1.257672500610351562e+01 3.024780988693237305e+00 1.960577964782714844e+01 1.960566520690917969e+01 2.880648422241210938e+01
1.304758071899414062e+00 1.275527286529541016e+01 4.775607681274414062e+01 4.571902847290039062e+01 2.219716453552246094e+01 2.302550315856933594e+01 4.571745681762695312e+01 4.007395172119140625e+01 2.219765663146972656e+01 4.571776580810546875e+01
4.294311141967773438e+01 1.361710166931152344e+01 1.397005677223205566e+00 5.664280319213867188e+01 4.294327926635742188e+01 5.535717010498046875e+01 4.294312667846679688e+01 5.535691452026367188e+01 8.761547088623046875e+00 9.988509178161621094e+00
1.155359840393066406e+01 1.996692657470703125e+01 4.289796447753906250e+01 3.173157119750976562e+01 4.609234619140625000e+01 3.203676223754882812e+00 7.497561454772949219e+00 4.289738082885742188e+01 4.727948379516601562e+01 3.974799633026123047e+00
3.389261484146118164e+00 1.020997810363769531e+01 5.473567581176757812e+01 2.857288420200347900e-01 3.459441375732421875e+01 2.023940849304199219e+01 1.233581829071044922e+01 2.576453590393066406e+01 2.576357460021972656e+01 3.218198716640472412e-01
3.778621673583984375e+01 4.777597427368164062e+01 9.592422246932983398e-01 2.273141098022460938e+01 2.273576736450195312e+01 2.596827125549316406e+01 2.561556243896484375e+01 4.718756103515625000e+01 3.110249710083007812e+01 1.074460983276367188e+01
3.330766296386718750e+01 1.595529651641845703e+01 1.595499992370605469e+01 3.809638977050781250e+01 9.722752571105957031e+00 2.385097885131835938e+01 2.335967445373535156e+01 2.385049247741699219e+01 5.599940872192382812e+01 3.746779632568359375e+01
2.581903457641601562e+01 3.265977859497070312e+01 5.199203491210937500e+01 2.249792098999023438e+01 4.916421890258789062e+01 3.455258941650390625e+01 8.749488592147827148e-01 5.199186706542968750e+01 3.265763854980468750e+01 2.249580574035644531e+01
3.474916219711303711e+00 7.913338184356689453e+00 3.837190628051757812e+01 1.812196540832519531e+01 3.311270904541015625e+01 2.665751266479492188e+01 1.312949848175048828e+01 1.633344078063964844e+01 3.845195770263671875e+01 3.243189239501953125e+01
3.996797561645507812e+01 1.704697227478027344e+01 3.058638763427734375e+01 1.850444984436035156e+01 2.025229454040527344e+01 2.440295517444610596e-01 4.630977630615234375e+00 1.704699516296386719e+01 1.850504112243652344e+01 3.996971511840820312e+01
2.320513916015625000e+01 1.295847034454345703e+01 3.187312316894531250e+01 8.707383155822753906e+00 3.187243270874023438e+01 2.320545959472656250e+01 4.269823455810546875e+01 2.093713760375976562e+00 3.490567779541015625e+01 1.880285644531250000e+01
1.851806831359863281e+01 9.715671539306640625e+00 3.697100830078125000e+01 2.860231018066406250e+01 5.077215194702148438e+01 5.077210998535156250e+01 7.239132523536682129e-01 3.224539566040039062e+01 3.644610214233398438e+01 3.224723434448242188e+01
3.454863739013671875e+01 5.440740203857421875e+01 3.454783630371093750e+01 2.340430259704589844e+01 1.829521942138671875e+01 1.216316127777099609e+01 1.829533195495605469e+01 7.744071960449218750e+00 2.938185930252075195e+00 3.454463958740234375e+01
3.177427673339843750e+01 4.957598114013671875e+01 3.911930465698242188e+01 1.515167617797851562e+01 2.473385620117187500e+01 3.177354621887207031e+01 3.177451896667480469e+01 7.113348484039306641e+00 2.034249687194824219e+01 5.143595123291015625e+01
3.016743850708007812e+01 4.171133422851562500e+01 4.345891189575195312e+01 5.445193099975585938e+01 1.399312400817871094e+01 3.668157196044921875e+01 3.182117080688476562e+01 1.372043418884277344e+01 4.345895004272460938e+01 2.802866935729980469e+00
2.731368255615234375e+01 2.380933380126953125e+01 1.456998634338378906e+01 6.509306907653808594e+00 4.561948013305664062e+01 2.208181381225585938e+01 4.756414413452148438e+00 1.839430809020996094e+01 3.022466468811035156e+01 1.456949234008789062e+01
3.398968505859375000e+01 8.585419654846191406e+00 4.299493312835693359e+00 3.399083328247070312e+01 4.191769027709960938e+01 4.818658828735351562e+01 3.398929595947265625e+01 4.818603515625000000e+01 4.444689941406250000e+01 5.274493789672851562e+01
1.095361900329589844e+01 2.518531560897827148e+00 4.402405929565429688e+01 5.495849132537841797e+00 7.435990571975708008e-01 5.602909088134765625e+01 3.498054265975952148e+00 3.523044586181640625e+01 4.402400588989257812e+01 1.570848846435546875e+01
3.145429992675781250e+01 3.879131698608398438e+01 3.144539833068847656e+01 5.598975753784179688e+01 1.776814699172973633e+00 3.145280265808105469e+01 5.557757568359375000e+01 2.216492271423339844e+01 3.144977569580078125e+01 7.097283363342285156e+00
8.440340995788574219e+00 7.957789301872253418e-02 4.994094848632812500e+01 4.994076919555664062e+01 4.308361816406250000e+01 4.994154357910156250e+01 4.788356781005859375e+00 5.329051208496093750e+01 2.246174430847167969e+01 4.994149017333984375e+01
1.713335609436035156e+01 9.803362846374511719e+00 1.971877932548522949e+00 2.814547348022460938e+01 4.367720127105712891e+00 4.073565673828125000e+01 4.073544311523437500e+01 4.073537826538085938e+01 4.073535537719726562e+01 1.074773788452148438e+00
3.290197372436523438e+01 2.720376253128051758e+00 2.402139282226562500e+01 1.880666351318359375e+01 1.442330837249755859e+01 4.673074340820312500e+01 8.724553108215332031e+00 3.290201187133789062e+01 3.290180206298828125e+01 4.673079299926757812e+01
3.429967164993286133e+00 2.480728721618652344e+01 2.480732727050781250e+01 5.569997406005859375e+01 3.338282775878906250e+01 1.034867954254150391e+01 4.718365097045898438e+01 1.156956005096435547e+01 3.857623291015625000e+01 8.802909255027770996e-01
5.032244873046875000e+01 5.190446853637695312e+00 5.403266525268554688e+01 5.032245254516601562e+01 1.911240005493164062e+01 2.926740074157714844e+01 8.433326721191406250e+00 1.919633030891418457e+00 1.911230850219726562e+01 9.966746330261230469e+00
1.202705478668212891e+01 5.194766521453857422e+00 3.297220611572265625e+01 3.297232055664062500e+01 2.591609382629394531e+01 5.250471115112304688e+01 5.250460433959960938e+01 3.297221755981445312e+01 2.591592788696289062e+01 1.748986840248107910e+00
2.638162994384765625e+01 3.494504547119140625e+01 3.987232208251953125e+01 5.155388832092285156e+00 1.323656749725341797e+01 2.676422882080078125e+01 2.698362159729003906e+01 1.798190879821777344e+01 5.601964187622070312e+01 4.393398761749267578e+00
3.704193878173828125e+01 5.612143325805664062e+01 1.924481801688671112e-02 5.795603561401367188e+01 3.704292297363281250e+01 2.860178756713867188e+01 2.617698907852172852e+00 6.127062320709228516e+00 2.634052276611328125e+01 2.634057235717773438e+01
9.642031192779541016e-01 3.443791198730468750e+01 4.891482925415039062e+01 1.773130416870117188e+01 3.551857757568359375e+01 4.891476440429687500e+01 6.187491416931152344e+00 4.290362358093261719e+00 1.833962440490722656e+01 1.113559055328369141e+01
2.195057153701782227e+00 3.729458999633789062e+01 2.389184570312500000e+01 4.667813110351562500e+01 2.112717247009277344e+01 2.112641525268554688e+01 1.265151786804199219e+01 5.445673942565917969e+00 1.548390674591064453e+01 4.667814636230468750e+01
1.294049263000488281e+00 4.444720840454101562e+01 5.127380371093750000e+01 2.092085266113281250e+01 5.127365112304687500e+01 2.092095947265625000e+01 5.127370071411132812e+01 8.562306404113769531e+00 5.127353286743164062e+01 5.127381896972656250e+01
3.330777740478515625e+01 5.598023986816406250e+01 5.195735168457031250e+01 5.603425979614257812e+01 5.093196487426757812e+01 3.237527847290039062e+01 5.545697402954101562e+01 3.909740447998046875e+00 5.251398563385009766e+00 5.549339294433593750e+01
5.458971023559570312e+01 2.182417678833007812e+01 5.458276748657226562e+01 4.901182937622070312e+01 5.641307449340820312e+01 2.599726867675781250e+01 3.118093872070312500e+01 5.641143417358398438e+01 1.202693819999694824e+00 2.732104682922363281e+01
3.741373825073242188e+01 2.368586158752441406e+01 2.552441215515136719e+01 1.839759826660156250e+01 8.847782135009765625e+00 3.121734857559204102e+00 2.507151794433593750e+01 3.904018020629882812e+01 3.904073715209960938e+01 5.500000000000000000e+01
2.326851844787597656e+01 4.397686958312988281e+00 3.624517440795898438e+01 1.244524478912353516e+01 4.696798324584960938e+01 2.979335212707519531e+01 4.511654281616210938e+01 3.624542236328125000e+01 2.327608346939086914e+00 4.696839904785156250e+01
4.289816284179687500e+01 5.201503372192382812e+01 1.503557413816452026e-01 2.548310279846191406e+01 1.398517513275146484e+01 3.787848281860351562e+01 1.320969963073730469e+01 4.006015396118164062e+01 9.131355285644531250e+00 2.548293685913085938e+01
4.520964431762695312e+01 3.272189712524414062e+01 1.320226097106933594e+01 5.618733596801757812e+01 4.664422225952148438e+01 5.481159591674804688e+01 2.567178153991699219e+01 5.551169204711914062e+01 4.664493942260742188e+01 1.914754295349121094e+01
4.647711563110351562e+01 4.771434402465820312e+01 4.771443176269531250e+01 3.160964965820312500e+00 4.054744720458984375e+01 3.232709407806396484e+00 5.243246078491210938e+01 1.473796463012695312e+01 2.392895317077636719e+01 1.473875617980957031e+01
5.182538986206054688e+01 5.424518585205078125e+01 2.631294822692871094e+01 3.430217361450195312e+01 4.088141441345214844e+00 4.253789901733398438e+01 2.364544868469238281e+01 3.498431396484375000e+01 1.402504062652587891e+01 1.473402500152587891e+01
3.416793441772460938e+01 3.416792678833007812e+01 2.858923912048339844e+00 4.224919509887695312e+01 4.225071716308593750e+01 2.425155830383300781e+01 2.425119018554687500e+01 5.250428771972656250e+01 4.565337371826171875e+01 5.250426864624023438e+01
6.847962379455566406e+00 3.618155288696289062e+01 1.331393814086914062e+01 4.116498947143554688e+00 4.821377182006835938e+01 3.670589447021484375e+01 1.784519910812377930e+00 2.324441909790039062e+01 3.925755310058593750e+01 5.709914207458496094e+00
3.208720397949218750e+01 4.068629837036132812e+01 4.269919204711914062e+01 3.352318954467773438e+01 1.181486964225769043e+00 1.100311088562011719e+01 4.068608093261718750e+01 2.011040687561035156e+01 5.155375671386718750e+01 3.208900070190429688e+01
3.429368972778320312e+01 6.384173393249511719e+00 2.690466679632663727e-02 2.931860542297363281e+01 2.406763076782226562e+01 4.819720458984375000e+01 3.429308700561523438e+01 5.076217174530029297e+00 4.819712829589843750e+01 1.425823974609375000e+01
2.771581649780273438e+01 4.770901107788085938e+01 2.471986579895019531e+01 3.584702491760253906e+00 4.543109893798828125e+01 8.646360397338867188e+00 4.311529541015625000e+01 1.554149436950683594e+01 1.121723365783691406e+01 4.557807922363281250e+01
3.653384399414062500e+01 2.118908882141113281e+01 1.291169357299804688e+01 1.405572509765625000e+01 5.550005340576171875e+01 8.871930122375488281e+00 8.871962547302246094e+00 1.753954696655273438e+01 3.653274154663085938e+01 5.550002288818359375e+01
5.592721176147460938e+01 2.766101455688476562e+01 8.661467552185058594e+00 5.029764938354492188e+01 4.153590774536132812e+01 5.382268905639648438e+01 2.242518424987792969e+00 2.766094398498535156e+01 2.138443183898925781e+01 1.940213203430175781e+01
3.826808556914329529e-02 1.109383201599121094e+01 3.330086898803710938e+01 4.768562316894531250e+01 4.264818191528320312e+01 1.873140144348144531e+01 9.561526298522949219e+00 3.153752326965332031e+01 1.168519306182861328e+01 4.768541717529296875e+01
7.632286101579666138e-02 5.295991516113281250e+01 1.185436630249023438e+01 5.189122200012207031e+00 1.239612960815429688e+01 4.674318313598632812e+01 4.993460178375244141e+00 1.239612770080566406e+01 1.557837724685668945e-01 9.301497459411621094e+00
3.285623550415039062e+01 2.006314849853515625e+01 1.903126907348632812e+01 1.777554392814636230e+00 1.151143312454223633e+00 3.477904510498046875e+01 3.285623168945312500e+01 5.503187561035156250e+01 1.034002590179443359e+01 7.904358386993408203e+00
4.671213912963867188e+01 3.108726501464843750e+00 3.559904479980468750e+01 3.559897613525390625e+01 5.960303306579589844e+00 2.573666000366210938e+01 1.976719474792480469e+01 4.671215820312500000e+01 2.095853614807128906e+01 8.762849807739257812e+00
