3.536502838134765625e+01 3.515771102905273438e+01 3.632799911499023438e+01 5.399999237060546875e+01 2.133963823318481445e+00 1.474172687530517578e+01 3.097829055786132812e+01 3.317728424072265625e+01 3.892338275909423828e+00 1.972552490234375000e+01
1.378697681427001953e+01 3.511286163330078125e+01 2.227334403991699219e+01 2.307090759277343750e+01 1.378716945648193359e+01 5.393561935424804688e+01 8.619218826293945312e+00 3.007961511611938477e+00 5.262650299072265625e+01 5.262122726440429688e+01
5.706847381591796875e+01 5.271274566650390625e+01 1.267368412017822266e+01 5.499976730346679688e+01 1.177601814270019531e+01 5.383819198608398438e+01 2.158008575439453125e+00 5.015958023071289062e+01 1.177611160278320312e+01 4.472470092773437500e+01
1.607751846313476562e+01 2.341467094421386719e+01 1.731741714477539062e+01 2.920493125915527344e+01 2.669191360473632812e+01 7.306020259857177734e-01 3.798672485351562500e+01 5.134240722656250000e+01 3.798582458496093750e+01 5.432706832885742188e+01
1.611472702026367188e+01 2.412912559509277344e+01 2.518852615356445312e+01 5.226716995239257812e+00 1.201848888397216797e+01 2.412983131408691406e+01 3.844651412963867188e+01 2.412922286987304688e+01 2.090270233154296875e+01 2.246972656250000000e+01
3.083158683776855469e+01 4.647514343261718750e+01 4.647481918334960938e+01 4.647515869140625000e+01 4.647515487670898438e+01 2.826933622360229492e+00 4.647502517700195312e+01 4.647452926635742188e+01 2.512940788269042969e+01 4.647557449340820312e+01
4.094179153442382812e+01 2.174258232116699219e+01 1.430374622344970703e+01 2.505540847778320312e+00 1.363102245330810547e+01 4.094179153442382812e+01 5.427900314331054688e+00 1.308176898956298828e+01 3.228472900390625000e+01 2.174249649047851562e+01
5.000702667236328125e+01 1.619564056396484375e+01 4.107809066772460938e+00 3.341602706909179688e+01 5.000700759887695312e+01 1.085709953308105469e+01 2.332946395874023438e+01 2.332967948913574219e+01 1.123940563201904297e+01 2.889384078979492188e+01
4.015207290649414062e+01 1.515338993072509766e+01 2.532968139648437500e+01 4.015169906616210938e+01 2.659862995147705078e+00 4.370456218719482422e+00 8.625961303710937500e+00 4.706040191650390625e+01 1.582526683807373047e+00 1.211699295043945312e+01
3.463095188140869141e+00 5.707136917114257812e+01 1.801695632934570312e+01 1.588582897186279297e+01 2.923171997070312500e+01 1.801697540283203125e+01 5.708925628662109375e+01 8.199848175048828125e+00 1.744627761840820312e+01 5.115848922729492188e+01
3.894208526611328125e+01 4.647730255126953125e+01 1.876389026641845703e+00 4.647593688964843750e+01 3.191786003112792969e+01 2.803176689147949219e+01 4.596265029907226562e+01 2.632192611694335938e+00 8.164737701416015625e+00 4.283946228027343750e+01
1.102334403991699219e+01 3.556222152709960938e+01 5.600000762939453125e+01 1.338351345062255859e+01 4.552586078643798828e+00 1.018247604370117188e+01 9.522583961486816406e+00 1.851599693298339844e+01 3.556209564208984375e+01 4.186892318725585938e+01
2.841930198669433594e+01 8.879882812500000000e+00 1.077996730804443359e+01 2.854996204376220703e+00 4.020329284667968750e+01 2.840235710144042969e+01 5.550008010864257812e+01 8.879849433898925781e+00 1.237811279296875000e+01 8.879861831665039062e+00
1.123350620269775391e+01 4.958093643188476562e+00 4.939672470092773438e+01 2.137202644348144531e+01 2.939226722717285156e+01 3.067231655120849609e+00 4.482718276977539062e+01 5.113319396972656250e+01 3.532820892333984375e+01 3.532826232910156250e+01
2.686676216125488281e+01 1.162667393684387207e+00 1.729349708557128906e+01 7.689239501953125000e+00 4.699020385742187500e+01 4.699031066894531250e+01 2.686676597595214844e+01 5.862462520599365234e+00 3.904773712158203125e+01 1.001685905456542969e+01
5.054835510253906250e+01 1.228930950164794922e+00 2.434206390380859375e+01 3.243433380126953125e+01 1.661351203918457031e+01 3.508449172973632812e+01 4.282695388793945312e+01 4.282695388793945312e+01 5.177070617675781250e+00 3.508454513549804688e+01
3.361796188354492188e+01 2.638704681396484375e+01 4.994123840332031250e+01 2.953684616088867188e+01 3.897467803955078125e+01 4.994132614135742188e+01 3.897436141967773438e+01 2.953681945800781250e+01 3.897466278076171875e+01 3.897461318969726562e+01
4.657151794433593750e+01 3.591657161712646484e+00 3.656655502319335938e+01 2.704451370239257812e+01 2.141055870056152344e+01 2.779718589782714844e+01 2.705029296875000000e+01 4.153682708740234375e+01 4.153191375732421875e+01 2.141054534912109375e+01
7.885213851928710938e+00 4.276301574707031250e+01 4.275997161865234375e+01 3.548959732055664062e+00 1.895938515663146973e+00 3.043457412719726562e+01 5.079512023925781250e+01 4.276277923583984375e+01 2.394924736022949219e+01 3.043443298339843750e+01
2.489119911193847656e+01 1.869478416442871094e+01 3.218000793457031250e+01 1.869466018676757812e+01 4.248869705200195312e+01 3.218002319335937500e+01 3.822665786743164062e+01 3.217990493774414062e+01 1.941960096359252930e+00 1.869476127624511719e+01
1.643453836441040039e+00 7.220624923706054688e+00 3.722738265991210938e+01 5.550000762939453125e+01 3.722685241699218750e+01 1.077496814727783203e+01 2.656297874450683594e+01 2.656383705139160156e+01 2.656149291992187500e+01 3.722641372680664062e+01
2.867008590698242188e+01 4.043410873413085938e+01 4.658588027954101562e+01 4.890536117553710938e+01 2.867017364501953125e+01 2.867016220092773438e+01 4.140974426269531250e+01 4.890532302856445312e+01 2.371476364135742188e+01 1.456359481811523438e+01
1.531298351287841797e+01 5.365905284881591797e+00 1.531299018859863281e+01 1.468199253082275391e+01 5.659444808959960938e+01 4.194592666625976562e+01 5.169877624511718750e+01 4.194579315185546875e+01 1.113620758056640625e+01 1.699500828981399536e-01
2.118926620483398438e+01 5.298357772827148438e+01 3.106273078918457031e+01 2.367318153381347656e+01 4.715883255004882812e+01 6.180475234985351562e+00 2.929988384246826172e+00 2.119241333007812500e+01 3.203464889526367188e+01 3.734058761596679688e+01
3.210881423950195312e+01 2.413032913208007812e+01 6.643507957458496094e+00 1.324633216857910156e+01 6.536053657531738281e+00 3.210884857177734375e+01 5.480968475341796875e+01 3.267620325088500977e+00 5.619050216674804688e+01 2.699721527099609375e+01
1.946840476989746094e+01 2.788405179977416992e+00 1.869916725158691406e+01 9.272610664367675781e+00 2.786023020744323730e-01 2.367046737670898438e+01 3.924986648559570312e+01 1.869912910461425781e+01 3.462861633300781250e+01 4.435882186889648438e+01
4.972087860107421875e+01 3.132630920410156250e+01 1.949219131469726562e+01 4.188981246948242188e+01 4.188983154296875000e+01 3.132631492614746094e+01 1.949250030517578125e+01 1.339245319366455078e+00 4.972089385986328125e+01 7.337996482849121094e+00
5.235038375854492188e+01 5.235059356689453125e+01 2.371850013732910156e+01 3.059855270385742188e+01 1.445472908020019531e+01 3.645128631591796875e+01 2.104201889038085938e+01 4.919875144958496094e+00 1.371610641479492188e+01 1.352277088165283203e+01
4.483980941772460938e+01 1.118218898773193359e+01 3.449106514453887939e-01 2.227233695983886719e+01 1.511686420440673828e+01 3.364741897583007812e+01 1.822772407531738281e+01 5.922946453094482422e+00 1.009259128570556641e+01 4.483984756469726562e+01
4.404030990600585938e+01 5.600001144409179688e+01 1.950763893127441406e+01 3.880132675170898438e+01 2.814559745788574219e+01 3.678443145751953125e+01 2.284972763061523438e+01 2.832551193237304688e+01 3.880136108398437500e+01 1.374749779701232910e+00
7.399633407592773438e+00 2.573181533813476562e+01 3.510646820068359375e+00 3.342345428466796875e+01 4.039579010009765625e+01 4.798900222778320312e+01 2.074213027954101562e+01 4.039411544799804688e+01 3.399851989746093750e+01 1.492708587646484375e+01
4.117853927612304688e+01 2.920698547363281250e+01 1.464620971679687500e+01 2.920699501037597656e+01 2.920697402954101562e+01 1.099905586242675781e+01 1.279544472694396973e+00 4.117857742309570312e+01 3.027084350585937500e+01 4.828649520874023438e+01
3.297509193420410156e+00 9.307883262634277344e+00 5.285402679443359375e+01 5.230439758300781250e+01 1.825489807128906250e+01 2.537958717346191406e+01 1.825485801696777344e+01 5.271572494506835938e+01 5.276429367065429688e+01 3.930741500854492188e+01
6.604039764404296875e+01 2.081309890747070312e+01 1.408768844604492188e+01 1.554658603668212891e+01 3.232770919799804688e+01 1.232548141479492188e+01 5.586174774169921875e+01 3.292725753784179688e+01 6.479145526885986328e+00 5.069632720947265625e+01
5.146009826660156250e+01 5.146024703979492188e+01 3.200898361206054688e+01 4.245930862426757812e+01 5.060479736328125000e+01 1.084865474700927734e+01 6.623457908630371094e+00 2.331286191940307617e+00 3.200875091552734375e+01 1.325342655181884766e+01
1.325207996368408203e+01 2.911000251770019531e+01 2.911067008972167969e+01 1.719760417938232422e+00 3.065150260925292969e+01 2.684680938720703125e+01 5.255775928497314453e+00 6.673898696899414062e+00 3.712639999389648438e+01 1.032665371894836426e+00
3.891095733642578125e+01 4.783757400512695312e+01 2.104325103759765625e+01 3.125829124450683594e+01 6.382185935974121094e+00 1.543973064422607422e+01 5.599392318725585938e+01 2.104323196411132812e+01 3.399828910827636719e+00 2.104317283630371094e+01
2.162772178649902344e+01 2.384576225280761719e+01 4.305899047851562500e+01 2.041279983520507812e+01 2.162716674804687500e+01 5.134888648986816406e+00 1.658618450164794922e+00 4.305904388427734375e+01 7.360792160034179688e+00 2.754466056823730469e+01
3.816210937500000000e+01 3.816213989257812500e+01 5.806664466857910156e+00 3.781519174575805664e+00 1.376123619079589844e+01 4.984096908569335938e+01 8.986982703208923340e-01 1.467101454734802246e+00 3.415319919586181641e+00 4.984084320068359375e+01
4.162166213989257812e+01 3.159028625488281250e+01 3.704169464111328125e+01 4.834191131591796875e+01 3.159049797058105469e+01 4.162017822265625000e+01 4.980983734130859375e+00 3.437905311584472656e+00 4.162168502807617188e+01 3.159108161926269531e+01
3.727711868286132812e+01 1.200661659240722656e+00 4.634084403514862061e-01 2.808576774597167969e+01 8.178966522216796875e+00 2.000436782836914062e+01 3.810301208496093750e+01 3.814175033569335938e+01 3.827944564819335938e+01 3.807545852661132812e+01
1.242933273315429688e+00 1.659644508361816406e+01 1.381163215637207031e+01 1.707175064086914062e+01 1.381163883209228516e+01 4.569786834716796875e+01 4.569786453247070312e+01 3.051752281188964844e+01 3.830246686935424805e+00 2.848909568786621094e+01
3.503511428833007812e+01 3.503498077392578125e+01 2.140214157104492188e+01 3.503524017333984375e+01 3.503393936157226562e+01 3.503457641601562500e+01 2.555686569213867188e+01 2.140214729309082031e+01 2.140236473083496094e+01 3.503492355346679688e+01
4.698728179931640625e+01 4.698731994628906250e+01 2.756618690490722656e+01 3.942977905273437500e+01 4.040967559814453125e+01 1.291105747222900391e+01 2.096739959716796875e+01 3.942980957031250000e+01 1.239721298217773438e+00 4.698722076416015625e+01
8.886683464050292969e+00 4.729909133911132812e+01 2.514383697509765625e+01 1.534576511383056641e+01 4.745607376098632812e+00 3.139415740966796875e+01 2.514391136169433594e+01 4.729907989501953125e+01 4.729905319213867188e+01 4.729901504516601562e+01
4.657085037231445312e+01 3.764451599121093750e+01 3.764379882812500000e+01 3.764409255981445312e+01 2.039629554748535156e+01 2.039717674255371094e+01 1.243429422378540039e+00 8.592796325683593750e+00 3.033990669250488281e+01 3.764399337768554688e+01
2.218078231811523438e+01 4.776901626586914062e+01 4.285357284545898438e+01 4.776901245117187500e+01 5.163942337036132812e+00 4.776911544799804688e+01 1.033206081390380859e+01 4.096677017211914062e+01 4.776902389526367188e+01 1.160412502288818359e+01
5.156363677978515625e+01 1.037667369842529297e+01 2.918192672729492188e+01 3.254833221435546875e+00 5.156366348266601562e+01 3.055954933166503906e+01 1.779982948303222656e+01 1.037632751464843750e+01 8.099126219749450684e-01 1.037682723999023438e+01
4.269831085205078125e+01 2.808964538574218750e+01 4.918030929565429688e+01 2.130195617675781250e+01 3.796532869338989258e+00 4.918038940429687500e+01 1.623965454101562500e+01 2.611924934387207031e+01 4.191764068603515625e+01 3.230805206298828125e+01
4.128084945678710938e+01 1.924592137336730957e+00 4.901208114624023438e+01 4.901213455200195312e+01 4.901210784912109375e+01 2.427518463134765625e+01 2.427522277832031250e+01 1.223242759704589844e+01 4.901218032836914062e+01 2.268951225280761719e+01
3.282518386840820312e+01 4.573087692260742188e+01 2.400136566162109375e+01 4.477200317382812500e+01 2.826329040527343750e+01 2.399922561645507812e+01 4.573027038574218750e+01 3.066196441650390625e+01 4.474499130249023438e+01 4.078040313720703125e+01
2.958082962036132812e+01 4.218385696411132812e+01 3.690737152099609375e+01 1.750815963745117188e+01 1.422355747222900391e+01 2.331119728088378906e+01 6.886429309844970703e+00 5.273578262329101562e+01 5.273576736450195312e+01 1.422357559204101562e+01
9.867700934410095215e-01 5.610746765136718750e+01 2.787246513366699219e+01 5.610671615600585938e+01 2.214094400405883789e+00 8.851850509643554688e+00 5.092483520507812500e+00 3.559355926513671875e+01 3.256862640380859375e+01 2.787142562866210938e+01
3.361216735839843750e+01 2.630136299133300781e+01 4.063144683837890625e+01 1.005286502838134766e+01 2.630141067504882812e+01 2.332466125488281250e+01 3.490713119506835938e+01 3.373975992202758789e+00 3.490715789794921875e+01 4.063138580322265625e+01
4.381465148925781250e+01 5.549969482421875000e+01 2.821474075317382812e+01 5.265666246414184570e-01 1.661987876892089844e+01 5.358692169189453125e+00 5.550000762939453125e+01 1.867988586425781250e+01 1.527235317230224609e+01 1.887782859802246094e+01
3.415237045288085938e+01 1.008935093879699707e+00 5.599831390380859375e+01 3.696493911743164062e+01 2.793348121643066406e+01 1.204890251159667969e+01 2.962718582153320312e+01 4.546279144287109375e+01 2.962728691101074219e+01 1.204850387573242188e+01
3.226018142700195312e+01 4.322126007080078125e+01 4.712322616577148438e+01 1.870572662353515625e+01 4.322140121459960938e+01 1.666091531515121460e-01 1.870564460754394531e+01 3.252223587036132812e+01 4.322138977050781250e+01 2.140848922729492188e+01
3.230041027069091797e+00 3.916197204589843750e+01 6.706446647644042969e+00 1.728702735900878906e+01 1.327849864959716797e+01 3.916186523437500000e+01 5.638042449951171875e+01 3.916370773315429688e+01 2.828458976745605469e+01 9.957014918327331543e-01
2.684242820739746094e+01 4.439440250396728516e+00 4.948045349121093750e+01 3.803850173950195312e+01 1.495509815216064453e+01 1.912536048889160156e+01 2.683948326110839844e+01 4.144498443603515625e+01 2.449711799621582031e+01 9.362349510192871094e+00
1.303143787384033203e+01 4.760181427001953125e+01 3.608755111694335938e+01 2.056409263610839844e+01 4.760182952880859375e+01 2.056413459777832031e+01 3.942776489257812500e+01 8.761463314294815063e-02 3.257778549194335938e+01 4.760184478759765625e+01
2.473703575134277344e+01 3.609313201904296875e+01 5.344004058837890625e+01 5.171697235107421875e+01 5.344008636474609375e+01 3.609257888793945312e+01 2.473708152770996094e+01 2.994600772857666016e+00 3.609335708618164062e+01 2.196597099304199219e+01
6.933594703674316406e+00 4.325684738159179688e+01 3.005615425109863281e+01 4.852378845214843750e+01 8.217398643493652344e+00 1.482884049415588379e+00 4.325670623779296875e+01 3.005615997314453125e+01 1.620479202270507812e+01 4.325642013549804688e+01
1.987638235092163086e+00 9.811019897460937500e+00 1.616392517089843750e+01 3.440301513671875000e+01 4.244487380981445312e+01 3.440303039550781250e+01 5.610194778442382812e+01 2.234799003601074219e+01 1.616385459899902344e+01 4.244493865966796875e+01
2.335790395736694336e+00 3.226928710937500000e+01 3.234267044067382812e+01 1.852728605270385742e+00 2.737290039658546448e-02 1.465694808959960938e+01 3.226895523071289062e+01 1.223690605163574219e+01 2.602073860168457031e+01 1.793898391723632812e+01
2.799219894409179688e+01 9.685590744018554688e+00 1.316339254379272461e+00 4.301049423217773438e+01 3.715300559997558594e+00 4.854919433593750000e+01 4.778342723846435547e+00 1.702511596679687500e+01 3.579744577407836914e+00 4.301447296142578125e+01
3.488383483886718750e+01 8.526258468627929688e+00 1.357147979736328125e+01 1.756182312965393066e+00 3.877854919433593750e+01 1.528044986724853516e+01 4.352330398559570312e+01 2.417042160034179688e+01 2.883055686950683594e+01 5.149206924438476562e+01
5.705269336700439453e+00 4.039339828491210938e+01 3.909059906005859375e+01 4.039360427856445312e+01 5.482629776000976562e+01 1.448375320434570312e+01 3.345301437377929688e+01 2.156896400451660156e+01 2.850689697265625000e+01 4.252491378784179688e+01
5.019526672363281250e+01 5.634493350982666016e+00 2.953330421447753906e+01 1.287456226348876953e+01 5.019525527954101562e+01 5.019582366943359375e+01 2.072423362731933594e+01 5.130231094360351562e+01 6.533766269683837891e+00 1.003122925758361816e+00
2.471397161483764648e+00 3.297394943237304688e+01 4.373658752441406250e+01 6.553818702697753906e+00 2.727099508047103882e-02 1.912240982055664062e+01 4.373642349243164062e+01 1.912241363525390625e+01 8.056563735008239746e-01 4.373561096191406250e+01
1.537631130218505859e+01 5.599999618530273438e+01 1.538324832916259766e+01 3.815690231323242188e+01 4.856822967529296875e+00 4.548670959472656250e+01 1.184893989562988281e+01 3.280608749389648438e+01 4.692674255371093750e+01 4.692759323120117188e+01
5.029610443115234375e+01 4.892638397216796875e+01 3.932689189910888672e+00 2.005856132507324219e+01 4.523093795776367188e+01 2.305471801757812500e+01 9.140661239624023438e+00 3.987813186645507812e+01 1.426915454864501953e+01 5.947822570800781250e+00
3.470794677734375000e+01 5.324854278564453125e+01 5.324840545654296875e+01 2.609670257568359375e+01 2.609659767150878906e+01 6.247683048248291016e+00 1.700145530700683594e+01 3.188750028610229492e+00 1.063944244384765625e+01 3.245399856567382812e+01
4.755611801147460938e+01 1.177803397178649902e+00 1.953075408935546875e+01 4.755618667602539062e+01 2.652075576782226562e+01 3.284386062622070312e+01 4.436082839965820312e+01 3.234067535400390625e+01 3.827925872802734375e+01 3.284178161621093750e+01
4.623279953002929688e+01 5.558634185791015625e+01 2.461073493957519531e+01 3.345519638061523438e+01 1.478148269653320312e+01 3.332685852050781250e+01 3.618674039840698242e+00 7.926503658294677734e+00 1.826583480834960938e+01 5.558570480346679688e+01
2.672583198547363281e+01 2.065797615051269531e+01 1.949966812133789062e+01 2.672610282897949219e+01 5.273743057250976562e+01 2.065792465209960938e+01 4.528728103637695312e+01 2.672580718994140625e+01 1.228416633605957031e+01 5.467570114135742188e+01
5.599998474121093750e+01 4.481842803955078125e+01 2.492801856994628906e+01 1.931349754333496094e+01 1.146245479583740234e+00 4.481843948364257812e+01 2.492800712585449219e+01 5.600001144409179688e+01 1.931344604492187500e+01 3.160477256774902344e+01
3.138061141967773438e+01 2.217739677429199219e+01 3.926049423217773438e+01 3.925483322143554688e+01 6.451636791229248047e+00 2.217769241333007812e+01 4.687267303466796875e+01 4.687260437011718750e+01 3.137960243225097656e+01 3.813898849487304688e+01
6.448321342468261719e+00 3.820994567871093750e+01 2.148088264465332031e+01 4.827999877929687500e+01 4.827995300292968750e+01 3.820953369140625000e+01 2.148079681396484375e+01 2.148098564147949219e+01 1.294429063796997070e+00 5.626524353027343750e+01
1.641328430175781250e+01 5.292901611328125000e+01 1.163967132568359375e+00 2.003723144531250000e+00 2.264373207092285156e+01 2.781386566162109375e+01 1.228028202056884766e+01 5.464686870574951172e+00 1.501911163330078125e+01 3.454061889648437500e+01
2.934545135498046875e+01 1.564296436309814453e+01 4.728046035766601562e+01 3.259201049804687500e+01 3.983597946166992188e+01 2.545247650146484375e+01 2.821216392517089844e+01 1.088307976722717285e+00 1.564298057556152344e+01 4.728065872192382812e+01
5.477276992797851562e+01 3.331017303466796875e+01 1.542915439605712891e+01 3.330989837646484375e+01 3.331104660034179688e+01 4.011099243164062500e+01 3.916286468505859375e+01 4.017641830444335938e+01 8.169117927551269531e+00 2.314617729187011719e+01
2.750851249694824219e+01 1.101230978965759277e+00 1.578931617736816406e+01 2.750843811035156250e+01 1.578966522216796875e+01 4.554819107055664062e+01 2.750818061828613281e+01 5.204673004150390625e+01 3.766576004028320312e+01 1.578990840911865234e+01
4.572886657714843750e+01 1.813516616821289062e+01 1.772648048400878906e+01 2.472316360473632812e+01 2.201498746871948242e+00 5.597992706298828125e+01 2.083218383789062500e+01 5.584362030029296875e+00 4.991649246215820312e+01 1.675660967826843262e+00
8.442251205444335938e+00 2.832670021057128906e+01 2.082757186889648438e+01 2.136147308349609375e+01 1.556514859199523926e+00 2.588963890075683594e+01 5.500000000000000000e+01 1.558136844635009766e+01 3.265390014648437500e+01 2.926442146301269531e+01
1.379582786560058594e+01 4.213429641723632812e+01 1.300292778015136719e+01 3.962995910644531250e+01 2.892283201217651367e+00 1.379617691040039062e+01 2.365360260009765625e+01 2.910166025161743164e+00 1.379589557647705078e+01 4.535194015502929688e+01
5.600002288818359375e+01 2.579092979431152344e+00 1.530808067321777344e+01 4.305440521240234375e+01 4.084223175048828125e+01 2.393115615844726562e+01 7.773029804229736328e+00 2.081090450286865234e+00 1.373130130767822266e+01 4.017568969726562500e+01
1.343054962158203125e+01 1.343041992187500000e+01 1.759833931922912598e+00 3.789162063598632812e+01 2.576853179931640625e+01 4.703789138793945312e+01 4.703837203979492188e+01 3.789489364624023438e+01 1.343045043945312500e+01 4.703803253173828125e+01
2.062176322937011719e+01 1.317016124725341797e+01 3.063671684265136719e+01 2.956954193115234375e+01 1.873376965522766113e+00 4.500239181518554688e+01 1.967031478881835938e+01 4.500238418579101562e+01 2.956941986083984375e+01 2.563149452209472656e+01
2.016006469726562500e+00 1.628076553344726562e+01 3.194039344787597656e+01 3.194245719909667969e+01 3.194663619995117188e+01 1.143303680419921875e+01 5.645426940917968750e+01 3.871913528442382812e+01 3.193309593200683594e+01 3.192544746398925781e+01
1.008743476867675781e+01 4.156534576416015625e+01 4.156539154052734375e+01 5.600000381469726562e+01 4.156535720825195312e+01 2.279412651062011719e+01 5.673005580902099609e+00 2.279397010803222656e+01 2.083571052551269531e+01 3.954374074935913086e+00
1.025204944610595703e+01 3.795957326889038086e+00 4.843782901763916016e+00 3.418608856201171875e+01 1.461923313140869141e+01 7.684062123298645020e-01 4.349030685424804688e+01 3.612232208251953125e+01 2.960555076599121094e+01 3.356160354614257812e+01
2.756964874267578125e+01 2.203632926940917969e+01 1.555881309509277344e+01 3.595504379272460938e+01 7.582301497459411621e-01 4.728469848632812500e+01 6.393075585365295410e-01 3.595290756225585938e+01 4.728188323974609375e+01 2.203942298889160156e+01
3.090112304687500000e+01 3.349761199951171875e+01 3.349385070800781250e+01 3.597073793411254883e+00 5.048072433471679688e+01 3.348501586914062500e+01 1.970249557495117188e+01 3.349266815185546875e+01 3.349386596679687500e+01 1.388418579101562500e+01
5.333104705810546875e+01 2.632550811767578125e+01 1.455485248565673828e+01 1.649097824096679688e+01 1.339857959747314453e+01 5.333081817626953125e+01 4.214811325073242188e+00 4.163270187377929688e+01 4.998691177368164062e+01 3.389432144165039062e+01
4.498642921447753906e+00 1.362884879112243652e+00 4.783506011962890625e+01 4.783515548706054688e+01 3.778242874145507812e+01 3.472264111042022705e-01 2.616041374206542969e+01 4.783477401733398438e+01 8.697863578796386719e+00 4.783542633056640625e+01
8.214601516723632812e+00 3.523819732666015625e+01 6.974522590637207031e+00 1.751545548439025879e+00 2.898200607299804688e+01 1.710190582275390625e+01 2.942534065246582031e+01 5.569145202636718750e+01 2.037158775329589844e+01 1.703076124191284180e+00
5.195769119262695312e+01 3.519633102416992188e+01 2.703790283203125000e+01 4.329802703857421875e+01 4.329795837402343750e+01 5.360958099365234375e+01 3.519454574584960938e+01 1.361895322799682617e+00 1.682613563537597656e+01 1.653664588928222656e+01
3.295262908935546875e+01 2.770185470581054688e+01 3.295547485351562500e+01 3.295552825927734375e+01 2.498281860351562500e+01 4.884522628784179688e+01 3.295327758789062500e+01 4.235956573486328125e+01 1.147138404846191406e+01 1.211236858367919922e+01
4.267191696166992188e+01 1.681989669799804688e+01 2.606218528747558594e+01 2.548687553405761719e+01 3.318285751342773438e+01 3.318386840820312500e+01 1.197568130493164062e+01 3.318381881713867188e+01 7.970232009887695312e+00 6.639578938484191895e-01
1.211134433746337891e+01 3.219896554946899414e+00 9.862993240356445312e+00 2.423002624511718750e+01 4.250196456909179688e+01 1.046823883056640625e+01 4.055340194702148438e+01 2.422995948791503906e+01 1.210994052886962891e+01 1.046884441375732422e+01
